Timestamp: 12/dez/2018 9:08:35
NumberOfPlayers: 3
PlayerFiveMindset: Random
PlayerFourMindset: Defensive
PlayerOneMindset: Smart
PlayerSixMindset: Random
PlayerThreeMindset: Smart
PlayerTwoMindset: Aggressive


run,tick,RngSeed,finalResut,diceChosen,attackingTerritoryPieces,defendingTerritoryPieces,territoryAmount
1,4177207.0,1544605714695,1,2,4,2,14
1,4177208.0,1544605714695,1,2,4,2,14
1,4177209.0,1544605714695,1,2,4,2,14
1,4177211.0,1544605714695,1,2,4,2,14
1,4177213.0,1544605714695,1,2,4,2,14
1,4177215.0,1544605714695,1,3,3,1,14
1,4177217.0,1544605714695,1,3,3,1,14
1,4177219.0,1544605714695,1,3,3,1,15
1,4177221.0,1544605714695,1,3,3,1,15
1,4177223.0,1544605714695,1,3,3,4,15
1,4177225.0,1544605714695,1,3,3,4,15
1,4177227.0,1544605714695,1,3,3,4,15
1,4177229.0,1544605714695,1,3,3,3,15
1,4177231.0,1544605714695,1,3,3,3,15
1,4177233.0,1544605714695,1,3,3,3,15
1,4177235.0,1544605714695,1,3,3,1,15
1,4177237.0,1544605714695,1,3,3,1,15
1,4177239.0,1544605714695,1,3,3,1,16
1,4177241.0,1544605714695,1,3,3,1,16
1,4177243.0,1544605714695,1,3,4,3,16
1,4177245.0,1544605714695,1,3,4,3,16
1,4177247.0,1544605714695,1,3,4,3,17
1,4177249.0,1544605714695,1,3,4,1,17
1,4177251.0,1544605714695,1,3,4,3,17
1,4177252.0,1544605714695,1,3,4,3,17
1,4177254.0,1544605714695,1,3,4,3,17
1,4177255.0,1544605714695,1,3,4,3,17
1,4177257.0,1544605714695,1,3,4,1,18
1,4177259.0,1544605714695,1,3,4,1,18
1,4177260.0,1544605714695,1,1,2,1,18
1,4177262.0,1544605714695,1,1,2,1,19
1,4177264.0,1544605714695,1,1,2,1,19
1,4177266.0,1544605714695,1,1,2,3,19
1,4177268.0,1544605714695,1,1,2,3,19
1,4177270.0,1544605714695,1,1,2,3,19
1,4177272.0,1544605714695,1,1,2,2,19
1,4177274.0,1544605714695,2,2,4,2,11
1,4177276.0,1544605714695,2,2,4,2,12
1,4177278.0,1544605714695,2,2,4,2,12
1,4177280.0,1544605714695,2,3,4,1,12
1,4177281.0,1544605714695,2,3,4,1,12
1,4177282.0,1544605714695,2,3,4,1,12
1,4177284.0,1544605714695,2,3,4,1,13
1,4177286.0,1544605714695,2,3,4,1,13
1,4177288.0,1544605714695,2,3,3,1,13
1,4177290.0,1544605714695,2,3,3,1,13
1,4177292.0,1544605714695,2,3,3,1,13
1,4177294.0,1544605714695,2,3,4,3,13
1,4177296.0,1544605714695,2,3,4,3,13
1,4177298.0,1544605714695,2,3,4,3,14
1,4177300.0,1544605714695,2,3,4,1,14
1,4177302.0,1544605714695,2,2,3,2,14
1,4177304.0,1544605714695,2,2,3,2,15
1,4177305.0,1544605714695,2,2,3,2,15
1,4177307.0,1544605714695,2,1,2,1,15
1,4177309.0,1544605714695,2,1,2,1,15
1,4177311.0,1544605714695,2,1,2,1,15
1,4177313.0,1544605714695,3,3,4,1,9
1,4177314.0,1544605714695,3,3,4,1,9
1,4177315.0,1544605714695,3,3,4,1,9
1,4177317.0,1544605714695,3,3,4,1,9
1,4177319.0,1544605714695,3,3,3,1,9
1,4177321.0,1544605714695,3,3,3,1,10
1,4177323.0,1544605714695,3,3,3,1,10
1,4177325.0,1544605714695,3,3,3,1,10
1,4177327.0,1544605714695,3,3,3,1,10
1,4177329.0,1544605714695,3,3,4,1,10
1,4177331.0,1544605714695,3,3,4,1,11
1,4177333.0,1544605714695,3,3,4,1,11
1,4177335.0,1544605714695,3,3,2,1,11
1,4177337.0,1544605714695,3,3,3,1,11
1,4177339.0,1544605714695,3,3,3,1,11
1,4177341.0,1544605714695,3,3,3,1,11
1,4177343.0,1544605714695,3,3,3,1,11
1,4177345.0,1544605714695,3,3,3,1,11
1,4177347.0,1544605714695,3,3,3,1,11
1,4177349.0,1544605714695,3,3,3,1,11
1,4177351.0,1544605714695,3,3,3,1,12
1,4177353.0,1544605714695,3,3,3,1,12
1,4177355.0,1544605714695,3,3,2,1,12
1,4177357.0,1544605714695,1,3,3,1,17
1,4177358.0,1544605714695,1,3,3,1,17
1,4177359.0,1544605714695,1,3,3,1,17
1,4177361.0,1544605714695,1,3,3,1,18
1,4177363.0,1544605714695,1,3,3,1,18
1,4177365.0,1544605714695,1,3,3,1,18
1,4177367.0,1544605714695,1,3,3,1,19
1,4177369.0,1544605714695,1,3,3,1,19
1,4177371.0,1544605714695,1,1,2,1,19
1,4177373.0,1544605714695,1,1,2,1,20
1,4177375.0,1544605714695,1,1,2,1,20
1,4177377.0,1544605714695,1,1,2,1,20
1,4177379.0,1544605714695,1,1,2,1,21
1,4177381.0,1544605714695,1,1,2,1,21
1,4177383.0,1544605714695,1,3,3,1,21
1,4177385.0,1544605714695,1,3,3,1,22
1,4177387.0,1544605714695,1,3,3,1,22
1,4177389.0,1544605714695,1,3,3,1,22
1,4177391.0,1544605714695,1,3,3,1,23
1,4177393.0,1544605714695,1,3,3,1,23
1,4177395.0,1544605714695,1,3,3,1,23
1,4177397.0,1544605714695,1,3,3,1,24
1,4177399.0,1544605714695,1,3,3,1,24
1,4177401.0,1544605714695,1,1,2,1,24
1,4177403.0,1544605714695,1,1,2,1,25
1,4177405.0,1544605714695,1,1,2,1,25
1,4177407.0,1544605714695,2,1,2,1,11
1,4177409.0,1544605714695,2,1,2,1,11
1,4177411.0,1544605714695,2,1,2,1,11
1,4177413.0,1544605714695,2,3,4,1,11
1,4177415.0,1544605714695,2,3,4,1,12
1,4177417.0,1544605714695,2,3,4,1,12
1,4177419.0,1544605714695,2,1,2,1,12
1,4177421.0,1544605714695,2,1,2,1,12
1,4177423.0,1544605714695,2,1,2,1,12
1,4177425.0,1544605714695,2,1,2,1,12
1,4177426.0,1544605714695,2,1,2,1,12
1,4177427.0,1544605714695,2,1,2,1,12
1,4177429.0,1544605714695,2,1,2,1,12
1,4177431.0,1544605714695,2,1,2,1,12
1,4177433.0,1544605714695,2,3,3,1,12
1,4177435.0,1544605714695,2,3,3,1,13
1,4177437.0,1544605714695,2,3,3,1,13
1,4177439.0,1544605714695,2,3,3,1,13
1,4177441.0,1544605714695,2,3,3,1,14
1,4177443.0,1544605714695,2,3,3,1,14
1,4177445.0,1544605714695,2,1,2,1,14
1,4177447.0,1544605714695,2,1,2,1,15
1,4177449.0,1544605714695,2,1,2,1,15
1,4177451.0,1544605714695,2,1,2,1,15
1,4177453.0,1544605714695,2,1,2,1,15
1,4177455.0,1544605714695,2,1,2,1,15
1,4177457.0,1544605714695,3,3,2,1,4
1,4177459.0,1544605714695,3,3,2,1,5
1,4177461.0,1544605714695,3,3,2,1,5
1,4177463.0,1544605714695,3,3,2,1,5
1,4177465.0,1544605714695,3,3,2,1,6
1,4177467.0,1544605714695,3,3,2,1,6
1,4177469.0,1544605714695,3,3,2,1,6
1,4177471.0,1544605714695,3,3,2,1,6
1,4177473.0,1544605714695,3,3,2,1,6
1,4177475.0,1544605714695,1,3,4,1,21
1,4177476.0,1544605714695,1,3,4,1,21
1,4177477.0,1544605714695,1,3,4,1,21
1,4177479.0,1544605714695,1,3,4,1,22
1,4177481.0,1544605714695,1,3,4,1,22
1,4177483.0,1544605714695,1,3,4,1,22
1,4177484.0,1544605714695,1,3,4,1,22
1,4177485.0,1544605714695,1,3,4,1,22
1,4177487.0,1544605714695,1,3,4,1,22
1,4177489.0,1544605714695,1,3,4,1,23
1,4177491.0,1544605714695,1,3,4,1,23
1,4177493.0,1544605714695,1,3,4,1,23
1,4177495.0,1544605714695,1,3,4,1,23
1,4177497.0,1544605714695,1,1,2,1,23
1,4177499.0,1544605714695,1,3,4,1,23
1,4177501.0,1544605714695,1,3,4,1,23
1,4177503.0,1544605714695,1,3,4,1,24
1,4177505.0,1544605714695,1,3,3,1,24
1,4177507.0,1544605714695,1,3,3,1,24
1,4177509.0,1544605714695,1,3,3,1,24
1,4177511.0,1544605714695,1,3,3,1,24
1,4177513.0,1544605714695,1,3,3,1,25
1,4177515.0,1544605714695,1,3,3,1,25
1,4177517.0,1544605714695,1,1,2,1,25
1,4177519.0,1544605714695,1,1,2,1,26
1,4177521.0,1544605714695,1,1,2,1,26
1,4177523.0,1544605714695,2,3,3,1,13
1,4177524.0,1544605714695,2,3,3,1,13
1,4177525.0,1544605714695,2,3,3,1,13
1,4177527.0,1544605714695,2,3,3,1,14
1,4177529.0,1544605714695,2,3,3,1,14
1,4177531.0,1544605714695,2,3,3,1,14
1,4177533.0,1544605714695,2,3,3,1,14
1,4177535.0,1544605714695,2,3,3,1,14
1,4177537.0,1544605714695,2,1,2,1,14
1,4177539.0,1544605714695,2,1,2,1,14
1,4177541.0,1544605714695,2,1,2,1,14
1,4177543.0,1544605714695,3,3,2,1,3
1,4177545.0,1544605714695,3,3,2,1,3
1,4177547.0,1544605714695,3,3,2,1,3
1,4177549.0,1544605714695,3,3,2,1,3
1,4177551.0,1544605714695,3,3,2,1,4
1,4177553.0,1544605714695,3,3,2,1,4
1,4177555.0,1544605714695,3,3,2,1,4
1,4177557.0,1544605714695,3,3,2,1,5
1,4177559.0,1544605714695,3,3,2,1,5
1,4177561.0,1544605714695,1,3,4,1,23
1,4177562.0,1544605714695,1,3,4,1,23
1,4177563.0,1544605714695,1,3,4,1,23
1,4177565.0,1544605714695,1,3,4,1,23
1,4177567.0,1544605714695,1,3,4,1,23
1,4177569.0,1544605714695,1,3,3,1,23
1,4177571.0,1544605714695,1,3,3,1,24
1,4177573.0,1544605714695,1,3,3,1,24
1,4177575.0,1544605714695,1,3,3,1,24
1,4177577.0,1544605714695,1,3,3,1,25
1,4177579.0,1544605714695,1,3,3,1,25
1,4177581.0,1544605714695,1,3,3,1,25
1,4177583.0,1544605714695,1,3,3,1,26
1,4177585.0,1544605714695,1,3,3,1,26
1,4177587.0,1544605714695,1,3,3,1,26
1,4177588.0,1544605714695,1,3,3,1,26
1,4177589.0,1544605714695,1,3,3,1,26
1,4177591.0,1544605714695,1,3,3,1,27
1,4177593.0,1544605714695,1,3,3,1,27
1,4177595.0,1544605714695,1,3,3,1,27
1,4177597.0,1544605714695,1,3,3,1,28
1,4177599.0,1544605714695,1,3,3,1,28
1,4177601.0,1544605714695,1,1,2,1,28
1,4177603.0,1544605714695,1,1,2,1,28
1,4177605.0,1544605714695,1,1,2,1,28
1,4177607.0,1544605714695,1,1,2,1,28
1,4177609.0,1544605714695,1,1,2,1,28
1,4177611.0,1544605714695,1,1,2,1,28
1,4177613.0,1544605714695,2,1,2,1,12
1,4177614.0,1544605714695,2,1,2,1,12
1,4177615.0,1544605714695,2,1,2,1,12
1,4177617.0,1544605714695,2,1,2,1,12
1,4177619.0,1544605714695,2,1,2,1,12
1,4177621.0,1544605714695,2,1,2,1,12
1,4177623.0,1544605714695,2,1,2,1,12
1,4177625.0,1544605714695,2,1,2,1,12
1,4177627.0,1544605714695,2,1,2,1,12
1,4177629.0,1544605714695,2,1,2,1,12
1,4177631.0,1544605714695,2,1,2,1,12
1,4177633.0,1544605714695,2,1,2,1,12
1,4177635.0,1544605714695,2,1,2,1,12
1,4177637.0,1544605714695,2,1,2,1,12
1,4177639.0,1544605714695,2,1,2,1,12
1,4177641.0,1544605714695,2,1,2,1,12
1,4177643.0,1544605714695,2,1,2,1,12
1,4177645.0,1544605714695,2,1,2,1,12
1,4177647.0,1544605714695,2,1,2,1,12
1,4177649.0,1544605714695,2,1,2,1,12
1,4177651.0,1544605714695,3,3,4,1,2
1,4177653.0,1544605714695,3,3,4,1,3
1,4177655.0,1544605714695,3,3,4,1,3
1,4177657.0,1544605714695,3,3,2,1,3
1,4177658.0,1544605714695,3,3,5,1,3
1,4177660.0,1544605714695,3,3,5,1,3
1,4177662.0,1544605714695,3,3,5,1,3
1,4177664.0,1544605714695,3,3,3,1,3
1,4177666.0,1544605714695,1,3,6,1,27
1,4177667.0,1544605714695,1,3,6,1,27
1,4177668.0,1544605714695,1,3,6,1,27
1,4177670.0,1544605714695,1,3,6,1,28
1,4177672.0,1544605714695,1,3,6,1,28
1,4177674.0,1544605714695,1,3,3,1,28
1,4177676.0,1544605714695,1,3,6,1,28
1,4177677.0,1544605714695,1,3,6,1,28
1,4177679.0,1544605714695,1,3,6,1,29
1,4177681.0,1544605714695,1,3,6,1,29
1,4177683.0,1544605714695,1,3,6,1,29
1,4177685.0,1544605714695,1,3,6,1,30
1,4177687.0,1544605714695,1,3,6,1,30
1,4177689.0,1544605714695,1,3,6,1,30
1,4177691.0,1544605714695,1,3,6,1,31
1,4177693.0,1544605714695,1,3,6,1,31
1,4177695.0,1544605714695,1,1,2,1,31
1,4177697.0,1544605714695,1,1,2,1,31
2,3165983.0,1544605721629,1,3,3,4,14
2,3165985.0,1544605721629,1,3,3,4,14
2,3165986.0,1544605721629,1,3,3,4,14
2,3165988.0,1544605721629,1,3,3,4,14
2,3165990.0,1544605721629,1,3,3,4,14
2,3165992.0,1544605721629,1,1,2,3,14
2,3165994.0,1544605721629,1,1,2,1,14
2,3165996.0,1544605721629,1,3,3,1,14
2,3165998.0,1544605721629,1,3,3,1,15
2,3166000.0,1544605721629,1,3,3,1,15
2,3166002.0,1544605721629,1,3,3,3,15
2,3166003.0,1544605721629,1,3,3,3,15
2,3166005.0,1544605721629,1,3,3,3,15
2,3166007.0,1544605721629,1,3,3,3,15
2,3166008.0,1544605721629,1,3,3,3,15
2,3166010.0,1544605721629,1,3,3,3,15
2,3166012.0,1544605721629,1,3,3,3,16
2,3166013.0,1544605721629,1,3,3,1,16
2,3166015.0,1544605721629,1,1,2,3,16
2,3166017.0,1544605721629,1,1,2,3,16
2,3166019.0,1544605721629,1,1,2,3,16
2,3166021.0,1544605721629,1,1,2,2,16
2,3166023.0,1544605721629,1,1,2,2,16
2,3166025.0,1544605721629,1,1,2,2,16
2,3166026.0,1544605721629,1,1,2,2,16
2,3166028.0,1544605721629,1,3,3,3,16
2,3166030.0,1544605721629,1,3,3,3,16
2,3166032.0,1544605721629,1,3,3,3,17
2,3166034.0,1544605721629,1,1,2,2,17
2,3166036.0,1544605721629,1,1,2,2,17
2,3166037.0,1544605721629,1,1,2,2,17
2,3166039.0,1544605721629,1,1,2,1,17
2,3166041.0,1544605721629,1,1,2,1,17
2,3166043.0,1544605721629,1,1,2,3,17
2,3166045.0,1544605721629,1,1,2,3,17
2,3166046.0,1544605721629,1,1,2,3,17
2,3166048.0,1544605721629,1,1,2,5,17
2,3166050.0,1544605721629,1,1,2,5,17
2,3166052.0,1544605721629,1,1,2,5,17
2,3166054.0,1544605721629,1,1,2,4,17
2,3166056.0,1544605721629,2,3,6,1,11
2,3166057.0,1544605721629,2,3,6,1,11
2,3166058.0,1544605721629,2,3,6,1,11
2,3166060.0,1544605721629,2,3,6,1,12
2,3166062.0,1544605721629,2,3,6,1,12
2,3166064.0,1544605721629,2,3,4,1,12
2,3166066.0,1544605721629,2,2,6,2,12
2,3166068.0,1544605721629,2,2,6,2,12
2,3166069.0,1544605721629,2,2,6,2,12
2,3166071.0,1544605721629,2,3,5,1,12
2,3166073.0,1544605721629,2,3,5,1,12
2,3166075.0,1544605721629,2,3,5,1,13
2,3166077.0,1544605721629,2,3,6,3,13
2,3166079.0,1544605721629,2,3,6,3,13
2,3166081.0,1544605721629,2,3,6,3,13
2,3166082.0,1544605721629,2,3,3,1,13
2,3166084.0,1544605721629,2,3,3,1,14
2,3166086.0,1544605721629,2,3,3,1,14
2,3166088.0,1544605721629,2,2,3,2,14
2,3166090.0,1544605721629,2,2,3,2,14
2,3166091.0,1544605721629,2,2,3,2,14
2,3166093.0,1544605721629,2,1,2,1,14
2,3166095.0,1544605721629,2,1,2,1,15
2,3166097.0,1544605721629,2,1,2,1,15
2,3166099.0,1544605721629,3,3,3,1,13
2,3166101.0,1544605721629,3,3,3,1,13
2,3166103.0,1544605721629,3,3,3,1,13
2,3166105.0,1544605721629,3,3,3,1,13
2,3166106.0,1544605721629,3,3,3,1,13
2,3166107.0,1544605721629,3,3,3,1,13
2,3166109.0,1544605721629,3,3,3,1,14
2,3166111.0,1544605721629,3,3,3,1,14
2,3166113.0,1544605721629,3,3,4,1,14
2,3166115.0,1544605721629,3,3,4,1,15
2,3166117.0,1544605721629,3,3,4,1,15
2,3166119.0,1544605721629,3,3,4,1,15
2,3166121.0,1544605721629,3,3,4,1,16
2,3166123.0,1544605721629,3,3,4,1,16
2,3166125.0,1544605721629,3,3,3,1,16
2,3166127.0,1544605721629,3,3,3,1,16
2,3166129.0,1544605721629,3,3,3,1,16
2,3166131.0,1544605721629,3,3,3,1,16
2,3166133.0,1544605721629,3,3,3,1,17
2,3166135.0,1544605721629,3,3,3,1,17
2,3166137.0,1544605721629,3,3,2,1,17
2,3166139.0,1544605721629,3,3,2,1,17
2,3166141.0,1544605721629,3,3,2,1,17
2,3166144.0,1544605721629,1,3,3,1,12
2,3166146.0,1544605721629,1,3,3,1,13
2,3166148.0,1544605721629,1,3,3,1,13
2,3166150.0,1544605721629,1,1,2,1,13
2,3166151.0,1544605721629,1,1,2,1,13
2,3166152.0,1544605721629,1,1,2,1,13
2,3166154.0,1544605721629,1,1,2,1,14
2,3166156.0,1544605721629,1,1,2,1,14
2,3166158.0,1544605721629,1,1,2,1,14
2,3166160.0,1544605721629,1,1,2,1,14
2,3166162.0,1544605721629,1,1,2,1,14
2,3166164.0,1544605721629,1,1,2,1,14
2,3166166.0,1544605721629,1,1,2,1,15
2,3166168.0,1544605721629,1,1,2,1,15
2,3166170.0,1544605721629,1,1,2,1,15
2,3166172.0,1544605721629,1,1,2,1,16
2,3166174.0,1544605721629,1,1,2,1,16
2,3166176.0,1544605721629,1,1,2,1,16
2,3166178.0,1544605721629,1,1,2,1,16
2,3166180.0,1544605721629,1,1,2,1,16
2,3166182.0,1544605721629,2,3,3,1,11
2,3166183.0,1544605721629,2,3,3,1,11
2,3166184.0,1544605721629,2,3,3,1,11
2,3166186.0,1544605721629,2,3,3,1,12
2,3166188.0,1544605721629,2,3,3,1,12
2,3166190.0,1544605721629,2,3,3,1,12
2,3166192.0,1544605721629,2,3,3,1,12
2,3166194.0,1544605721629,2,3,3,1,12
2,3166196.0,1544605721629,2,3,3,1,12
2,3166198.0,1544605721629,2,3,3,1,13
2,3166200.0,1544605721629,2,3,3,1,13
2,3166202.0,1544605721629,2,2,3,2,13
2,3166204.0,1544605721629,2,2,3,2,13
2,3166206.0,1544605721629,2,2,3,2,13
2,3166208.0,1544605721629,3,3,4,1,15
2,3166210.0,1544605721629,3,3,4,1,16
2,3166212.0,1544605721629,3,3,4,1,16
2,3166214.0,1544605721629,3,3,4,1,16
2,3166215.0,1544605721629,3,3,4,1,16
2,3166216.0,1544605721629,3,3,4,1,16
2,3166218.0,1544605721629,3,3,4,1,17
2,3166220.0,1544605721629,3,3,4,1,17
2,3166222.0,1544605721629,3,3,4,1,17
2,3166224.0,1544605721629,3,3,4,1,18
2,3166226.0,1544605721629,3,3,4,1,18
2,3166228.0,1544605721629,3,3,3,1,18
2,3166230.0,1544605721629,3,3,3,1,19
2,3166232.0,1544605721629,3,3,3,1,19
2,3166234.0,1544605721629,3,3,3,1,19
2,3166236.0,1544605721629,3,3,3,1,19
2,3166238.0,1544605721629,3,3,3,1,19
2,3166240.0,1544605721629,3,3,2,1,19
2,3166242.0,1544605721629,3,3,2,1,20
2,3166244.0,1544605721629,3,3,2,1,20
2,3166246.0,1544605721629,3,3,2,1,20
2,3166248.0,1544605721629,3,3,2,1,20
2,3166250.0,1544605721629,3,3,2,1,20
2,3166252.0,1544605721629,1,1,2,1,11
2,3166253.0,1544605721629,1,1,2,1,11
2,3166254.0,1544605721629,1,1,2,1,11
2,3166256.0,1544605721629,1,1,2,1,11
2,3166258.0,1544605721629,1,1,2,1,11
2,3166260.0,1544605721629,1,1,2,1,11
2,3166262.0,1544605721629,1,1,2,1,11
2,3166264.0,1544605721629,1,1,2,1,11
2,3166266.0,1544605721629,1,1,2,1,11
2,3166268.0,1544605721629,1,1,2,1,11
2,3166270.0,1544605721629,1,1,2,1,11
2,3166272.0,1544605721629,2,1,2,1,11
2,3166274.0,1544605721629,2,1,2,1,11
2,3166276.0,1544605721629,2,1,2,1,11
2,3166278.0,1544605721629,2,1,2,1,11
2,3166280.0,1544605721629,2,1,2,1,11
2,3166282.0,1544605721629,2,1,2,1,11
2,3166284.0,1544605721629,2,1,2,1,11
2,3166285.0,1544605721629,2,1,2,1,11
2,3166286.0,1544605721629,2,1,2,1,11
2,3166288.0,1544605721629,2,1,2,1,12
2,3166290.0,1544605721629,2,1,2,1,12
2,3166292.0,1544605721629,2,1,2,1,12
2,3166294.0,1544605721629,2,1,2,1,12
2,3166296.0,1544605721629,2,1,2,1,12
2,3166298.0,1544605721629,3,3,3,1,20
2,3166300.0,1544605721629,3,3,3,1,21
2,3166302.0,1544605721629,3,3,3,1,21
2,3166304.0,1544605721629,3,3,3,1,21
2,3166306.0,1544605721629,3,3,3,1,22
2,3166308.0,1544605721629,3,3,3,1,22
2,3166310.0,1544605721629,3,3,3,1,22
2,3166311.0,1544605721629,3,3,3,1,22
2,3166312.0,1544605721629,3,3,3,1,22
2,3166314.0,1544605721629,3,3,3,1,23
2,3166316.0,1544605721629,3,3,3,1,23
2,3166318.0,1544605721629,3,3,3,1,23
2,3166320.0,1544605721629,3,3,3,1,24
2,3166322.0,1544605721629,3,3,3,1,24
2,3166324.0,1544605721629,3,3,3,1,24
2,3166326.0,1544605721629,3,3,3,1,25
2,3166328.0,1544605721629,3,3,3,1,25
2,3166330.0,1544605721629,3,3,2,1,25
2,3166332.0,1544605721629,3,3,2,1,26
2,3166334.0,1544605721629,3,3,2,1,26
2,3166336.0,1544605721629,1,3,3,1,5
2,3166337.0,1544605721629,1,3,3,1,5
2,3166338.0,1544605721629,1,3,3,1,5
2,3166340.0,1544605721629,1,3,3,1,5
2,3166342.0,1544605721629,1,3,3,1,5
2,3166344.0,1544605721629,1,1,2,1,5
2,3166346.0,1544605721629,1,1,2,1,5
2,3166348.0,1544605721629,1,1,2,1,5
2,3166350.0,1544605721629,1,1,2,1,5
2,3166352.0,1544605721629,1,1,2,1,6
2,3166354.0,1544605721629,1,1,2,1,6
2,3166356.0,1544605721629,1,3,3,1,6
2,3166358.0,1544605721629,1,3,3,1,7
2,3166360.0,1544605721629,1,3,3,1,7
2,3166362.0,1544605721629,1,1,2,1,7
2,3166364.0,1544605721629,1,1,2,1,8
2,3166366.0,1544605721629,1,1,2,1,8
2,3166368.0,1544605721629,2,1,2,1,11
2,3166370.0,1544605721629,2,1,2,1,11
2,3166372.0,1544605721629,2,1,2,1,11
2,3166374.0,1544605721629,2,1,2,1,11
2,3166375.0,1544605721629,2,1,2,1,11
2,3166376.0,1544605721629,2,1,2,1,11
2,3166378.0,1544605721629,2,1,2,1,11
2,3166380.0,1544605721629,2,1,2,1,11
2,3166382.0,1544605721629,2,3,3,1,11
2,3166384.0,1544605721629,2,3,3,1,12
2,3166386.0,1544605721629,2,3,3,1,12
2,3166388.0,1544605721629,2,1,2,1,12
2,3166390.0,1544605721629,2,1,2,1,12
2,3166392.0,1544605721629,2,1,2,1,12
2,3166394.0,1544605721629,2,1,2,1,12
2,3166396.0,1544605721629,2,1,2,1,12
2,3166398.0,1544605721629,2,1,2,1,12
2,3166400.0,1544605721629,2,1,2,1,12
2,3166402.0,1544605721629,2,1,2,1,12
2,3166404.0,1544605721629,2,1,2,1,12
2,3166406.0,1544605721629,3,3,2,1,22
2,3166408.0,1544605721629,3,3,2,1,23
2,3166410.0,1544605721629,3,3,2,1,23
2,3166412.0,1544605721629,3,3,3,1,23
2,3166414.0,1544605721629,3,3,3,1,24
2,3166416.0,1544605721629,3,3,3,1,24
2,3166418.0,1544605721629,3,3,2,1,24
2,3166420.0,1544605721629,3,3,2,1,25
2,3166422.0,1544605721629,3,3,2,1,25
2,3166424.0,1544605721629,3,3,3,1,25
2,3166425.0,1544605721629,3,3,3,1,25
2,3166426.0,1544605721629,3,3,3,1,25
2,3166428.0,1544605721629,3,3,3,1,26
2,3166430.0,1544605721629,3,3,3,1,26
2,3166432.0,1544605721629,3,3,3,1,26
2,3166434.0,1544605721629,3,3,3,1,27
2,3166436.0,1544605721629,3,3,3,1,27
2,3166438.0,1544605721629,3,3,3,1,27
2,3166440.0,1544605721629,3,3,3,1,28
2,3166442.0,1544605721629,3,3,3,1,28
2,3166444.0,1544605721629,3,3,2,1,28
2,3166446.0,1544605721629,3,3,2,1,29
2,3166448.0,1544605721629,3,3,2,1,29
2,3166450.0,1544605721629,3,3,2,1,29
2,3166452.0,1544605721629,3,3,2,1,29
2,3166454.0,1544605721629,3,3,2,1,29
2,3166456.0,1544605721629,3,3,2,3,29
2,3166458.0,1544605721629,3,3,2,3,29
2,3166460.0,1544605721629,3,3,2,3,29
2,3166462.0,1544605721629,1,1,2,1,3
2,3166463.0,1544605721629,1,1,2,1,3
2,3166464.0,1544605721629,1,1,2,1,3
2,3166466.0,1544605721629,1,1,2,1,3
2,3166468.0,1544605721629,1,1,2,1,3
2,3166470.0,1544605721629,1,1,2,1,3
2,3166472.0,1544605721629,1,1,2,1,3
2,3166474.0,1544605721629,1,1,2,1,3
2,3166476.0,1544605721629,1,1,2,1,3
2,3166478.0,1544605721629,1,1,2,1,3
2,3166480.0,1544605721629,1,1,2,1,3
2,3166482.0,1544605721629,2,3,3,1,10
2,3166484.0,1544605721629,2,3,3,1,10
2,3166486.0,1544605721629,2,3,3,1,10
2,3166488.0,1544605721629,2,1,2,1,10
2,3166490.0,1544605721629,2,1,2,1,10
2,3166492.0,1544605721629,2,1,2,1,10
2,3166494.0,1544605721629,2,3,3,1,10
2,3166496.0,1544605721629,2,3,3,1,10
2,3166498.0,1544605721629,2,3,3,1,10
2,3166500.0,1544605721629,2,1,2,1,10
2,3166502.0,1544605721629,2,1,2,1,11
2,3166504.0,1544605721629,2,1,2,1,11
2,3166506.0,1544605721629,2,1,2,1,11
2,3166507.0,1544605721629,2,1,2,1,11
2,3166508.0,1544605721629,2,1,2,1,11
2,3166510.0,1544605721629,2,1,2,1,11
2,3166512.0,1544605721629,2,1,2,1,11
2,3166514.0,1544605721629,3,3,4,1,28
2,3166516.0,1544605721629,3,3,4,1,28
2,3166518.0,1544605721629,3,3,4,1,29
2,3166520.0,1544605721629,3,3,4,1,29
2,3166522.0,1544605721629,3,3,4,1,30
2,3166524.0,1544605721629,3,3,4,1,30
2,3166526.0,1544605721629,3,3,3,1,30
3,4590632.0,1544605727245,2,1,2,3,17
3,4590633.0,1544605727245,2,1,2,3,17
3,4590634.0,1544605727245,2,1,2,3,17
3,4590636.0,1544605727245,2,1,2,3,17
3,4590638.0,1544605727245,2,1,2,3,17
3,4590640.0,1544605727245,2,3,4,3,17
3,4590642.0,1544605727245,2,3,4,3,17
3,4590644.0,1544605727245,2,3,4,3,17
3,4590646.0,1544605727245,2,2,3,2,18
3,4590648.0,1544605727245,2,2,3,2,18
3,4590650.0,1544605727245,2,2,3,2,18
3,4590652.0,1544605727245,2,2,3,2,18
3,4590654.0,1544605727245,2,2,3,2,19
3,4590656.0,1544605727245,2,2,3,2,19
3,4590658.0,1544605727245,2,2,3,2,19
3,4590660.0,1544605727245,2,2,3,2,19
3,4590662.0,1544605727245,2,2,3,2,19
3,4590664.0,1544605727245,2,1,2,5,19
3,4590666.0,1544605727245,2,1,2,5,19
3,4590668.0,1544605727245,2,1,2,5,19
3,4590670.0,1544605727245,2,1,2,2,19
3,4590671.0,1544605727245,2,1,2,2,19
3,4590672.0,1544605727245,2,1,2,2,19
3,4590674.0,1544605727245,2,1,2,2,19
3,4590676.0,1544605727245,2,1,2,2,19
3,4590678.0,1544605727245,2,1,2,1,19
3,4590680.0,1544605727245,2,1,2,5,19
3,4590682.0,1544605727245,2,1,2,5,19
3,4590684.0,1544605727245,2,1,2,5,19
3,4590686.0,1544605727245,2,3,3,5,19
3,4590688.0,1544605727245,2,3,3,5,19
3,4590690.0,1544605727245,2,3,3,5,19
3,4590692.0,1544605727245,2,3,3,3,19
3,4590694.0,1544605727245,2,1,2,2,19
3,4590696.0,1544605727245,2,1,2,5,19
3,4590698.0,1544605727245,2,1,2,5,19
3,4590700.0,1544605727245,2,1,2,5,19
3,4590702.0,1544605727245,2,1,2,4,19
3,4590704.0,1544605727245,3,3,4,3,13
3,4590706.0,1544605727245,3,3,4,3,13
3,4590708.0,1544605727245,3,3,4,3,13
3,4590710.0,1544605727245,3,3,4,1,14
3,4590712.0,1544605727245,3,3,3,4,14
3,4590714.0,1544605727245,3,3,3,4,14
3,4590716.0,1544605727245,3,3,3,4,14
3,4590718.0,1544605727245,3,3,3,4,14
3,4590720.0,1544605727245,3,3,3,4,14
3,4590722.0,1544605727245,3,3,3,4,15
3,4590724.0,1544605727245,3,2,3,2,15
3,4590726.0,1544605727245,3,3,3,1,15
3,4590727.0,1544605727245,3,3,3,1,15
3,4590728.0,1544605727245,3,3,3,1,15
3,4590730.0,1544605727245,3,3,3,1,15
3,4590732.0,1544605727245,3,3,3,1,15
3,4590734.0,1544605727245,3,3,5,4,15
3,4590736.0,1544605727245,3,3,5,4,15
3,4590738.0,1544605727245,3,3,5,4,15
3,4590740.0,1544605727245,3,3,4,3,16
3,4590742.0,1544605727245,3,3,4,1,16
3,4590744.0,1544605727245,3,2,3,2,16
3,4590746.0,1544605727245,3,2,3,2,16
3,4590748.0,1544605727245,3,2,3,2,16
3,4590750.0,1544605727245,3,1,2,1,16
3,4590752.0,1544605727245,1,3,3,1,7
3,4590754.0,1544605727245,1,3,3,1,8
3,4590756.0,1544605727245,1,3,3,1,8
3,4590758.0,1544605727245,1,3,2,1,8
3,4590759.0,1544605727245,1,3,2,1,8
3,4590760.0,1544605727245,1,3,2,1,8
3,4590762.0,1544605727245,1,3,2,1,8
3,4590764.0,1544605727245,1,3,2,1,8
3,4590766.0,1544605727245,1,3,3,1,8
3,4590768.0,1544605727245,1,3,3,1,9
3,4590770.0,1544605727245,1,3,3,1,9
3,4590772.0,1544605727245,1,3,3,1,9
3,4590774.0,1544605727245,1,3,3,1,10
3,4590776.0,1544605727245,1,3,3,1,10
3,4590778.0,1544605727245,1,3,3,1,10
3,4590780.0,1544605727245,1,3,3,1,11
3,4590782.0,1544605727245,1,3,3,1,11
3,4590784.0,1544605727245,1,3,3,1,11
3,4590786.0,1544605727245,1,3,3,1,12
3,4590788.0,1544605727245,1,3,3,1,12
3,4590790.0,1544605727245,1,3,2,1,12
3,4590792.0,1544605727245,1,3,2,1,12
3,4590794.0,1544605727245,1,3,2,1,12
3,4590796.0,1544605727245,1,3,2,1,12
3,4590798.0,1544605727245,1,3,2,1,13
3,4590800.0,1544605727245,1,3,2,1,13
3,4590802.0,1544605727245,2,1,2,1,16
3,4590803.0,1544605727245,2,1,2,1,16
3,4590804.0,1544605727245,2,1,2,1,16
3,4590806.0,1544605727245,2,1,2,1,17
3,4590808.0,1544605727245,2,1,2,1,17
3,4590810.0,1544605727245,2,1,2,1,17
3,4590812.0,1544605727245,2,1,2,1,17
3,4590814.0,1544605727245,2,1,2,1,17
3,4590816.0,1544605727245,2,1,2,1,17
3,4590818.0,1544605727245,2,1,2,1,17
3,4590820.0,1544605727245,2,1,2,1,17
3,4590822.0,1544605727245,2,1,2,1,17
3,4590824.0,1544605727245,2,1,2,1,17
3,4590826.0,1544605727245,2,1,2,1,17
3,4590828.0,1544605727245,2,1,2,1,17
3,4590830.0,1544605727245,2,1,2,1,17
3,4590832.0,1544605727245,2,1,2,1,17
3,4590834.0,1544605727245,2,1,2,1,17
3,4590836.0,1544605727245,2,1,2,1,17
3,4590838.0,1544605727245,2,1,2,1,17
3,4590840.0,1544605727245,2,1,2,1,17
3,4590842.0,1544605727245,2,1,2,1,17
3,4590844.0,1544605727245,2,1,2,1,17
3,4590846.0,1544605727245,3,1,2,1,13
3,4590848.0,1544605727245,3,1,2,1,13
3,4590850.0,1544605727245,3,1,2,1,13
3,4590852.0,1544605727245,3,1,2,1,13
3,4590854.0,1544605727245,3,1,2,1,14
3,4590856.0,1544605727245,3,1,2,1,14
3,4590858.0,1544605727245,3,1,2,1,14
3,4590859.0,1544605727245,3,1,2,1,14
3,4590860.0,1544605727245,3,1,2,1,14
3,4590862.0,1544605727245,3,1,2,1,15
3,4590864.0,1544605727245,3,1,2,1,15
3,4590866.0,1544605727245,3,1,2,1,15
3,4590868.0,1544605727245,3,1,2,1,15
3,4590870.0,1544605727245,3,1,2,1,15
3,4590872.0,1544605727245,3,1,2,1,15
3,4590874.0,1544605727245,3,1,2,1,15
3,4590876.0,1544605727245,3,1,2,1,15
3,4590878.0,1544605727245,1,3,2,1,11
3,4590880.0,1544605727245,1,3,2,1,12
3,4590882.0,1544605727245,1,3,2,1,12
3,4590884.0,1544605727245,1,3,2,1,12
3,4590885.0,1544605727245,1,3,2,1,12
3,4590886.0,1544605727245,1,3,2,1,12
3,4590888.0,1544605727245,1,3,2,1,12
3,4590890.0,1544605727245,1,3,2,1,12
3,4590892.0,1544605727245,1,3,2,1,12
3,4590894.0,1544605727245,1,3,2,1,12
3,4590896.0,1544605727245,1,3,2,1,12
3,4590898.0,1544605727245,1,3,2,1,12
3,4590900.0,1544605727245,1,3,2,1,12
3,4590902.0,1544605727245,1,3,2,1,12
3,4590904.0,1544605727245,1,3,2,1,12
3,4590906.0,1544605727245,1,3,2,1,12
3,4590908.0,1544605727245,1,3,2,1,12
3,4590910.0,1544605727245,1,3,2,1,12
3,4590912.0,1544605727245,1,3,2,1,12
3,4590914.0,1544605727245,1,3,2,1,12
3,4590916.0,1544605727245,2,1,2,1,15
3,4590918.0,1544605727245,2,1,2,1,15
3,4590920.0,1544605727245,2,1,2,1,15
3,4590922.0,1544605727245,2,1,2,1,15
3,4590923.0,1544605727245,2,1,2,1,15
3,4590924.0,1544605727245,2,1,2,1,15
3,4590926.0,1544605727245,2,1,2,1,15
3,4590928.0,1544605727245,2,1,2,1,15
3,4590930.0,1544605727245,2,1,2,1,15
3,4590932.0,1544605727245,2,1,2,1,15
3,4590934.0,1544605727245,2,1,2,1,15
3,4590936.0,1544605727245,2,1,2,1,15
3,4590938.0,1544605727245,2,1,2,1,15
3,4590940.0,1544605727245,2,1,2,1,15
3,4590942.0,1544605727245,2,1,2,1,15
3,4590944.0,1544605727245,2,1,2,1,15
3,4590946.0,1544605727245,2,1,2,1,15
3,4590948.0,1544605727245,2,1,2,1,15
3,4590950.0,1544605727245,2,1,2,1,16
3,4590952.0,1544605727245,2,1,2,1,16
3,4590954.0,1544605727245,3,3,3,1,15
3,4590955.0,1544605727245,3,3,3,1,15
3,4590956.0,1544605727245,3,3,3,1,15
3,4590958.0,1544605727245,3,3,3,1,16
3,4590960.0,1544605727245,3,3,3,1,16
3,4590962.0,1544605727245,3,1,2,1,16
3,4590964.0,1544605727245,3,1,2,1,16
3,4590966.0,1544605727245,3,1,2,1,16
3,4590968.0,1544605727245,3,3,3,1,16
3,4590970.0,1544605727245,3,3,3,1,17
3,4590972.0,1544605727245,3,3,3,1,17
3,4590974.0,1544605727245,3,3,3,1,17
3,4590976.0,1544605727245,3,3,3,1,18
3,4590978.0,1544605727245,3,3,3,1,18
3,4590980.0,1544605727245,3,3,3,1,18
3,4590982.0,1544605727245,3,3,3,1,19
3,4590984.0,1544605727245,3,3,3,1,19
3,4590986.0,1544605727245,3,1,2,1,19
3,4590988.0,1544605727245,3,1,2,1,19
3,4590990.0,1544605727245,3,1,2,1,19
3,4590992.0,1544605727245,3,3,3,1,19
3,4590994.0,1544605727245,3,3,3,1,19
3,4590996.0,1544605727245,3,3,3,1,19
3,4590998.0,1544605727245,3,1,2,1,19
3,4591000.0,1544605727245,3,1,2,1,19
3,4591002.0,1544605727245,3,1,2,1,19
3,4591004.0,1544605727245,3,1,2,1,19
3,4591006.0,1544605727245,3,1,2,1,20
3,4591008.0,1544605727245,3,1,2,1,20
3,4591010.0,1544605727245,1,3,2,1,9
3,4591011.0,1544605727245,1,3,2,1,9
3,4591012.0,1544605727245,1,3,2,1,9
3,4591014.0,1544605727245,1,3,2,1,9
3,4591016.0,1544605727245,1,3,2,1,9
3,4591018.0,1544605727245,1,3,2,1,9
3,4591020.0,1544605727245,1,3,2,1,9
3,4591022.0,1544605727245,1,3,2,1,9
3,4591024.0,1544605727245,1,3,2,1,9
3,4591026.0,1544605727245,1,3,2,1,9
3,4591028.0,1544605727245,1,3,2,1,9
3,4591030.0,1544605727245,2,1,2,1,13
3,4591032.0,1544605727245,2,1,2,1,13
3,4591034.0,1544605727245,2,1,2,1,13
3,4591036.0,1544605727245,2,1,2,1,13
3,4591037.0,1544605727245,2,1,2,1,13
3,4591038.0,1544605727245,2,1,2,1,13
3,4591040.0,1544605727245,2,1,2,1,13
3,4591042.0,1544605727245,2,1,2,1,13
3,4591044.0,1544605727245,2,1,2,1,13
3,4591046.0,1544605727245,2,1,2,1,13
3,4591048.0,1544605727245,2,1,2,1,13
3,4591050.0,1544605727245,2,1,2,1,13
3,4591052.0,1544605727245,2,1,2,1,13
3,4591054.0,1544605727245,2,1,2,1,13
3,4591056.0,1544605727245,3,1,2,1,20
3,4591057.0,1544605727245,3,1,2,1,20
3,4591058.0,1544605727245,3,1,2,1,20
3,4591060.0,1544605727245,3,1,2,1,21
3,4591062.0,1544605727245,3,1,2,1,21
3,4591064.0,1544605727245,3,3,3,1,21
3,4591066.0,1544605727245,3,3,3,1,21
3,4591068.0,1544605727245,3,3,3,1,21
3,4591070.0,1544605727245,3,1,2,1,21
3,4591072.0,1544605727245,3,1,2,1,21
3,4591074.0,1544605727245,3,1,2,1,21
3,4591076.0,1544605727245,3,3,3,1,21
3,4591078.0,1544605727245,3,3,3,1,22
3,4591080.0,1544605727245,3,3,3,1,22
3,4591082.0,1544605727245,3,3,3,1,22
3,4591084.0,1544605727245,3,3,3,1,22
3,4591086.0,1544605727245,3,3,3,1,22
3,4591088.0,1544605727245,3,3,3,1,22
3,4591090.0,1544605727245,3,3,3,1,23
3,4591092.0,1544605727245,3,3,3,1,23
3,4591094.0,1544605727245,3,1,2,1,23
3,4591096.0,1544605727245,3,1,2,1,23
3,4591098.0,1544605727245,3,1,2,1,23
3,4591100.0,1544605727245,1,3,2,1,7
3,4591102.0,1544605727245,1,3,2,1,7
3,4591104.0,1544605727245,1,3,2,1,7
3,4591106.0,1544605727245,1,3,2,1,7
3,4591108.0,1544605727245,1,3,2,1,7
3,4591110.0,1544605727245,1,3,2,1,7
3,4591112.0,1544605727245,1,3,2,1,7
3,4591114.0,1544605727245,1,3,2,1,8
3,4591116.0,1544605727245,1,3,2,1,8
3,4591118.0,1544605727245,2,1,2,1,11
3,4591119.0,1544605727245,2,1,2,1,11
3,4591120.0,1544605727245,2,1,2,1,11
3,4591122.0,1544605727245,2,1,2,1,11
3,4591124.0,1544605727245,2,1,2,1,11
3,4591126.0,1544605727245,2,1,2,1,11
3,4591127.0,1544605727245,2,1,2,1,11
3,4591128.0,1544605727245,2,1,2,1,11
3,4591130.0,1544605727245,2,1,2,1,11
3,4591132.0,1544605727245,2,1,2,1,11
3,4591134.0,1544605727245,2,1,2,1,11
3,4591136.0,1544605727245,2,1,2,1,11
3,4591138.0,1544605727245,2,1,2,1,11
3,4591140.0,1544605727245,2,1,2,1,11
3,4591142.0,1544605727245,2,1,2,1,11
3,4591144.0,1544605727245,2,1,2,1,11
3,4591146.0,1544605727245,3,3,3,1,23
3,4591148.0,1544605727245,3,3,3,1,23
3,4591150.0,1544605727245,3,3,3,1,23
3,4591152.0,1544605727245,3,3,3,1,23
3,4591153.0,1544605727245,3,3,3,1,23
3,4591154.0,1544605727245,3,3,3,1,23
3,4591156.0,1544605727245,3,3,3,1,23
3,4591158.0,1544605727245,3,3,3,1,23
3,4591160.0,1544605727245,3,3,3,1,23
3,4591162.0,1544605727245,3,3,3,1,24
3,4591164.0,1544605727245,3,3,3,1,24
3,4591166.0,1544605727245,3,1,2,1,24
3,4591168.0,1544605727245,3,1,2,1,25
3,4591170.0,1544605727245,3,1,2,1,25
3,4591172.0,1544605727245,3,3,3,1,25
3,4591174.0,1544605727245,3,3,3,1,25
3,4591176.0,1544605727245,3,3,3,1,25
3,4591178.0,1544605727245,3,3,3,1,25
3,4591180.0,1544605727245,3,3,3,1,26
3,4591182.0,1544605727245,3,3,3,1,26
3,4591184.0,1544605727245,3,1,2,1,26
3,4591186.0,1544605727245,1,3,3,1,6
3,4591188.0,1544605727245,1,3,3,1,7
3,4591190.0,1544605727245,1,3,3,1,7
3,4591192.0,1544605727245,1,3,2,1,7
3,4591194.0,1544605727245,1,3,2,1,7
3,4591196.0,1544605727245,1,3,2,1,7
3,4591198.0,1544605727245,1,3,2,1,7
3,4591200.0,1544605727245,1,3,2,1,7
3,4591202.0,1544605727245,1,3,2,1,8
3,4591204.0,1544605727245,1,3,2,1,8
3,4591206.0,1544605727245,1,3,2,1,8
3,4591208.0,1544605727245,1,3,2,1,9
3,4591210.0,1544605727245,1,3,2,1,9
3,4591212.0,1544605727245,1,3,2,1,9
3,4591214.0,1544605727245,1,3,2,1,10
3,4591216.0,1544605727245,1,3,2,1,10
3,4591218.0,1544605727245,2,1,2,1,6
3,4591219.0,1544605727245,2,1,2,1,6
3,4591220.0,1544605727245,2,1,2,1,6
3,4591222.0,1544605727245,2,1,2,1,6
3,4591224.0,1544605727245,2,1,2,1,6
3,4591226.0,1544605727245,2,1,2,1,6
3,4591228.0,1544605727245,2,1,2,1,6
3,4591230.0,1544605727245,2,1,2,1,6
3,4591232.0,1544605727245,2,1,2,1,6
3,4591234.0,1544605727245,2,1,2,1,6
4,4693486.0,1544605733023,1,3,3,3,13
4,4693487.0,1544605733023,1,3,3,3,13
4,4693488.0,1544605733023,1,3,3,3,13
4,4693490.0,1544605733023,1,3,3,3,13
4,4693492.0,1544605733023,1,3,3,3,13
4,4693493.0,1544605733023,1,1,2,2,13
4,4693495.0,1544605733023,1,2,5,2,13
4,4693497.0,1544605733023,1,2,5,2,14
4,4693499.0,1544605733023,1,2,5,2,14
4,4693501.0,1544605733023,1,3,3,3,14
4,4693502.0,1544605733023,1,3,3,3,14
4,4693504.0,1544605733023,1,3,3,3,14
4,4693505.0,1544605733023,1,3,3,3,14
4,4693507.0,1544605733023,1,3,4,3,14
4,4693509.0,1544605733023,1,3,4,3,14
4,4693511.0,1544605733023,1,3,4,3,15
4,4693512.0,1544605733023,1,3,4,1,15
4,4693514.0,1544605733023,1,2,3,2,15
4,4693516.0,1544605733023,1,2,3,2,15
4,4693518.0,1544605733023,1,2,3,2,15
4,4693520.0,1544605733023,1,3,4,3,15
4,4693522.0,1544605733023,1,3,4,3,15
4,4693524.0,1544605733023,1,3,4,3,15
4,4693526.0,1544605733023,1,2,3,2,15
4,4693528.0,1544605733023,1,3,3,1,15
4,4693530.0,1544605733023,1,2,3,2,15
4,4693532.0,1544605733023,1,1,2,1,16
4,4693533.0,1544605733023,1,1,2,1,16
4,4693535.0,1544605733023,1,1,2,2,16
4,4693537.0,1544605733023,1,1,2,2,16
4,4693539.0,1544605733023,1,1,2,2,16
4,4693541.0,1544605733023,2,3,4,3,13
4,4693543.0,1544605733023,2,3,4,3,13
4,4693545.0,1544605733023,2,3,4,3,14
4,4693547.0,1544605733023,2,3,4,1,14
4,4693549.0,1544605733023,2,3,4,3,14
4,4693551.0,1544605733023,2,3,4,3,14
4,4693552.0,1544605733023,2,3,4,3,14
4,4693554.0,1544605733023,2,3,3,2,14
4,4693556.0,1544605733023,2,3,3,2,14
4,4693557.0,1544605733023,2,3,2,1,14
4,4693559.0,1544605733023,2,3,3,1,14
4,4693560.0,1544605733023,2,3,3,1,14
4,4693561.0,1544605733023,2,3,3,1,14
4,4693563.0,1544605733023,2,3,3,1,15
4,4693565.0,1544605733023,2,3,3,1,15
4,4693567.0,1544605733023,2,3,4,1,15
4,4693569.0,1544605733023,2,3,4,3,16
4,4693571.0,1544605733023,2,3,4,3,16
4,4693573.0,1544605733023,2,3,5,1,17
4,4693575.0,1544605733023,2,3,4,1,18
4,4693577.0,1544605733023,2,3,5,1,18
4,4693579.0,1544605733023,2,3,4,1,18
4,4693581.0,1544605733023,2,3,4,1,19
4,4693583.0,1544605733023,2,3,4,1,19
4,4693585.0,1544605733023,2,3,3,2,19
4,4693587.0,1544605733023,2,3,3,2,19
4,4693588.0,1544605733023,2,3,3,2,19
4,4693590.0,1544605733023,2,3,3,2,20
4,4693592.0,1544605733023,2,3,3,2,20
4,4693594.0,1544605733023,2,3,3,2,20
4,4693596.0,1544605733023,2,3,3,2,20
4,4693598.0,1544605733023,2,3,3,2,20
4,4693600.0,1544605733023,2,3,3,2,21
4,4693602.0,1544605733023,2,3,3,1,21
4,4693603.0,1544605733023,2,3,2,3,21
4,4693605.0,1544605733023,3,3,3,1,8
4,4693606.0,1544605733023,3,3,3,1,8
4,4693607.0,1544605733023,3,3,3,1,8
4,4693609.0,1544605733023,3,3,3,1,8
4,4693611.0,1544605733023,3,3,3,1,8
4,4693613.0,1544605733023,3,3,3,1,8
4,4693615.0,1544605733023,3,3,3,1,8
4,4693617.0,1544605733023,3,3,3,1,8
4,4693619.0,1544605733023,3,3,3,1,8
4,4693621.0,1544605733023,3,3,3,1,8
4,4693623.0,1544605733023,3,3,3,1,8
4,4693625.0,1544605733023,3,3,3,1,8
4,4693627.0,1544605733023,3,3,3,1,9
4,4693629.0,1544605733023,3,3,3,1,9
4,4693631.0,1544605733023,3,3,3,1,9
4,4693633.0,1544605733023,3,3,3,1,9
4,4693635.0,1544605733023,3,3,3,1,9
4,4693637.0,1544605733023,3,1,2,1,9
4,4693639.0,1544605733023,3,1,2,1,9
4,4693641.0,1544605733023,3,1,2,1,9
4,4693643.0,1544605733023,3,1,2,1,9
4,4693645.0,1544605733023,3,1,2,1,10
4,4693647.0,1544605733023,3,1,2,1,10
4,4693649.0,1544605733023,1,1,2,1,12
4,4693651.0,1544605733023,1,1,2,1,12
4,4693653.0,1544605733023,1,1,2,1,12
4,4693655.0,1544605733023,1,1,2,1,12
4,4693657.0,1544605733023,1,1,2,1,12
4,4693659.0,1544605733023,1,1,2,1,12
4,4693661.0,1544605733023,1,1,2,1,12
4,4693663.0,1544605733023,1,1,2,1,12
4,4693665.0,1544605733023,1,1,2,1,12
4,4693667.0,1544605733023,1,3,3,1,12
4,4693668.0,1544605733023,1,3,3,1,12
4,4693669.0,1544605733023,1,3,3,1,12
4,4693671.0,1544605733023,1,3,3,1,12
4,4693673.0,1544605733023,1,3,3,1,12
4,4693675.0,1544605733023,1,1,2,1,12
4,4693677.0,1544605733023,1,1,2,1,12
4,4693679.0,1544605733023,1,1,2,1,12
4,4693681.0,1544605733023,1,1,2,1,12
4,4693683.0,1544605733023,1,1,2,1,12
4,4693685.0,1544605733023,1,1,2,1,12
4,4693687.0,1544605733023,2,3,3,1,20
4,4693688.0,1544605733023,2,3,3,1,20
4,4693689.0,1544605733023,2,3,3,1,20
4,4693691.0,1544605733023,2,3,3,1,21
4,4693693.0,1544605733023,2,3,3,1,21
4,4693695.0,1544605733023,2,3,2,1,21
4,4693697.0,1544605733023,2,3,2,1,21
4,4693699.0,1544605733023,2,3,2,1,21
4,4693701.0,1544605733023,2,3,2,1,21
4,4693703.0,1544605733023,2,3,2,1,21
4,4693705.0,1544605733023,2,3,2,1,21
4,4693707.0,1544605733023,2,3,2,1,21
4,4693709.0,1544605733023,2,3,2,1,21
4,4693711.0,1544605733023,2,3,2,1,21
4,4693713.0,1544605733023,2,3,2,1,21
4,4693715.0,1544605733023,2,3,2,1,21
4,4693717.0,1544605733023,2,3,2,1,21
4,4693719.0,1544605733023,2,3,3,1,21
4,4693721.0,1544605733023,2,3,3,1,21
4,4693723.0,1544605733023,2,3,3,1,21
4,4693725.0,1544605733023,2,3,2,1,21
4,4693727.0,1544605733023,2,3,2,1,22
4,4693729.0,1544605733023,2,3,2,1,22
4,4693731.0,1544605733023,2,3,2,1,22
4,4693733.0,1544605733023,2,3,2,1,22
4,4693735.0,1544605733023,2,3,2,1,22
4,4693737.0,1544605733023,2,3,2,1,22
4,4693739.0,1544605733023,2,3,2,1,23
4,4693741.0,1544605733023,2,3,2,1,23
4,4693744.0,1544605733023,3,1,2,1,9
4,4693745.0,1544605733023,3,1,2,1,9
4,4693746.0,1544605733023,3,1,2,1,9
4,4693748.0,1544605733023,3,1,2,1,9
4,4693750.0,1544605733023,3,1,2,1,9
4,4693752.0,1544605733023,3,1,2,1,9
4,4693754.0,1544605733023,3,1,2,1,9
4,4693756.0,1544605733023,3,1,2,1,9
4,4693758.0,1544605733023,3,1,2,1,9
4,4693760.0,1544605733023,3,1,2,1,9
4,4693762.0,1544605733023,3,1,2,1,9
4,4693764.0,1544605733023,3,1,2,1,9
4,4693766.0,1544605733023,3,1,2,1,9
4,4693768.0,1544605733023,3,1,2,1,9
4,4693770.0,1544605733023,3,1,2,1,9
4,4693772.0,1544605733023,3,1,2,1,9
4,4693774.0,1544605733023,3,1,2,1,9
4,4693776.0,1544605733023,1,1,2,1,10
4,4693778.0,1544605733023,1,1,2,1,10
4,4693780.0,1544605733023,1,1,2,1,10
4,4693782.0,1544605733023,1,1,2,1,10
4,4693784.0,1544605733023,1,1,2,1,10
4,4693786.0,1544605733023,1,1,2,1,10
4,4693788.0,1544605733023,1,1,2,1,10
4,4693790.0,1544605733023,1,1,2,1,11
4,4693792.0,1544605733023,1,1,2,1,11
4,4693794.0,1544605733023,1,1,2,1,11
4,4693796.0,1544605733023,1,1,2,1,11
4,4693798.0,1544605733023,1,1,2,1,11
4,4693800.0,1544605733023,1,1,2,1,11
4,4693802.0,1544605733023,1,1,2,1,12
4,4693804.0,1544605733023,1,1,2,1,12
4,4693806.0,1544605733023,1,1,2,1,12
4,4693808.0,1544605733023,1,1,2,1,12
4,4693810.0,1544605733023,1,1,2,1,12
4,4693812.0,1544605733023,2,3,3,1,21
4,4693813.0,1544605733023,2,3,3,1,21
4,4693814.0,1544605733023,2,3,3,1,21
4,4693816.0,1544605733023,2,3,3,1,22
4,4693818.0,1544605733023,2,3,3,1,22
4,4693820.0,1544605733023,2,3,3,1,22
4,4693821.0,1544605733023,2,3,3,1,22
4,4693822.0,1544605733023,2,3,3,1,22
4,4693824.0,1544605733023,2,3,3,1,23
4,4693826.0,1544605733023,2,3,3,1,23
4,4693828.0,1544605733023,2,3,2,1,23
4,4693830.0,1544605733023,2,3,2,1,24
4,4693832.0,1544605733023,2,3,2,1,24
4,4693834.0,1544605733023,2,3,2,1,24
4,4693836.0,1544605733023,2,3,2,1,24
4,4693838.0,1544605733023,2,3,2,1,24
4,4693840.0,1544605733023,2,3,2,1,24
4,4693842.0,1544605733023,2,3,2,1,25
4,4693844.0,1544605733023,2,3,2,1,25
4,4693846.0,1544605733023,2,3,2,1,25
4,4693848.0,1544605733023,2,3,2,1,25
4,4693850.0,1544605733023,2,3,2,1,25
4,4693852.0,1544605733023,2,3,2,1,25
4,4693854.0,1544605733023,2,3,2,1,25
4,4693856.0,1544605733023,2,3,2,1,25
4,4693858.0,1544605733023,2,3,2,1,25
4,4693860.0,1544605733023,2,3,2,1,25
4,4693862.0,1544605733023,2,3,2,1,25
4,4693864.0,1544605733023,2,3,2,1,25
4,4693866.0,1544605733023,2,3,2,1,26
4,4693868.0,1544605733023,2,3,2,1,26
4,4693870.0,1544605733023,3,3,3,1,6
4,4693871.0,1544605733023,3,3,3,1,6
4,4693872.0,1544605733023,3,3,3,1,6
4,4693874.0,1544605733023,3,3,3,1,7
4,4693876.0,1544605733023,3,3,3,1,7
4,4693878.0,1544605733023,3,1,2,1,7
4,4693880.0,1544605733023,3,1,2,1,7
4,4693882.0,1544605733023,3,1,2,1,7
4,4693884.0,1544605733023,3,1,2,1,7
4,4693886.0,1544605733023,3,1,2,1,7
4,4693888.0,1544605733023,3,1,2,1,7
4,4693890.0,1544605733023,3,1,2,1,7
4,4693892.0,1544605733023,3,1,2,1,7
4,4693894.0,1544605733023,3,1,2,1,7
4,4693896.0,1544605733023,1,1,2,1,10
4,4693898.0,1544605733023,1,1,2,1,11
4,4693900.0,1544605733023,1,1,2,1,11
4,4693902.0,1544605733023,1,1,2,1,11
4,4693904.0,1544605733023,1,1,2,1,11
4,4693906.0,1544605733023,1,1,2,1,11
4,4693908.0,1544605733023,1,1,2,1,11
4,4693910.0,1544605733023,1,1,2,1,11
4,4693912.0,1544605733023,1,1,2,1,11
4,4693914.0,1544605733023,2,3,3,1,24
4,4693915.0,1544605733023,2,3,3,1,24
4,4693916.0,1544605733023,2,3,3,1,24
4,4693918.0,1544605733023,2,3,3,1,24
4,4693920.0,1544605733023,2,3,3,1,24
4,4693922.0,1544605733023,2,3,3,1,24
4,4693924.0,1544605733023,2,3,3,1,25
4,4693926.0,1544605733023,2,3,3,1,25
4,4693928.0,1544605733023,2,3,3,1,25
4,4693930.0,1544605733023,2,3,3,1,26
4,4693932.0,1544605733023,2,3,3,1,26
4,4693934.0,1544605733023,2,3,2,1,26
4,4693935.0,1544605733023,2,3,2,1,26
4,4693936.0,1544605733023,2,3,2,1,26
4,4693938.0,1544605733023,2,3,2,1,26
4,4693940.0,1544605733023,2,3,2,1,26
4,4693942.0,1544605733023,2,3,2,1,26
4,4693944.0,1544605733023,2,3,2,1,26
4,4693946.0,1544605733023,2,3,2,1,26
4,4693948.0,1544605733023,2,3,3,1,26
4,4693950.0,1544605733023,2,3,3,1,26
4,4693952.0,1544605733023,2,3,3,1,26
4,4693954.0,1544605733023,2,3,3,1,26
4,4693956.0,1544605733023,2,3,3,1,27
4,4693958.0,1544605733023,2,3,3,1,27
4,4693960.0,1544605733023,2,3,3,1,27
4,4693962.0,1544605733023,2,3,3,1,28
4,4693964.0,1544605733023,2,3,3,1,28
4,4693966.0,1544605733023,2,3,2,1,28
4,4693968.0,1544605733023,2,3,2,1,28
4,4693970.0,1544605733023,2,3,2,1,28
4,4693972.0,1544605733023,2,3,2,1,28
4,4693974.0,1544605733023,2,3,2,1,28
4,4693976.0,1544605733023,2,3,2,1,28
4,4693978.0,1544605733023,2,3,2,1,28
4,4693980.0,1544605733023,2,3,2,1,29
4,4693982.0,1544605733023,2,3,2,1,29
4,4693985.0,1544605733023,3,3,4,1,4
4,4693986.0,1544605733023,3,3,4,1,4
4,4693987.0,1544605733023,3,3,4,1,4
4,4693989.0,1544605733023,3,3,4,1,5
4,4693991.0,1544605733023,3,3,4,1,5
4,4693993.0,1544605733023,3,3,3,1,5
4,4693995.0,1544605733023,3,3,3,1,6
4,4693997.0,1544605733023,3,3,3,1,6
4,4693999.0,1544605733023,3,1,2,1,6
4,4694001.0,1544605733023,3,1,2,1,6
4,4694003.0,1544605733023,3,1,2,1,6
4,4694005.0,1544605733023,1,1,2,1,9
4,4694007.0,1544605733023,1,1,2,1,9
4,4694009.0,1544605733023,1,1,2,1,9
5,4606257.0,1544605738637,1,3,4,4,13
5,4606258.0,1544605738637,1,3,4,4,13
5,4606260.0,1544605738637,1,3,4,4,13
5,4606262.0,1544605738637,1,3,4,4,13
5,4606264.0,1544605738637,1,3,4,4,13
5,4606266.0,1544605738637,1,3,4,2,13
5,4606268.0,1544605738637,1,3,3,1,13
5,4606270.0,1544605738637,1,3,2,1,13
5,4606272.0,1544605738637,1,3,2,1,14
5,4606274.0,1544605738637,1,3,2,1,14
5,4606276.0,1544605738637,1,3,2,3,14
5,4606277.0,1544605738637,1,3,2,3,14
5,4606279.0,1544605738637,1,3,2,3,14
5,4606281.0,1544605738637,1,3,2,3,14
5,4606283.0,1544605738637,1,3,3,4,14
5,4606285.0,1544605738637,1,3,3,4,14
5,4606287.0,1544605738637,1,3,3,4,15
5,4606289.0,1544605738637,1,3,3,2,15
5,4606291.0,1544605738637,1,3,3,2,15
5,4606293.0,1544605738637,1,3,3,2,15
5,4606295.0,1544605738637,1,3,3,2,15
5,4606297.0,1544605738637,1,3,3,3,15
5,4606299.0,1544605738637,1,3,3,3,15
5,4606301.0,1544605738637,1,3,3,3,15
5,4606303.0,1544605738637,1,3,2,2,15
5,4606305.0,1544605738637,1,3,2,2,15
5,4606307.0,1544605738637,1,3,2,2,15
5,4606309.0,1544605738637,1,3,2,2,15
5,4606311.0,1544605738637,1,3,2,2,15
5,4606313.0,1544605738637,1,3,2,2,15
5,4606315.0,1544605738637,1,3,2,1,15
5,4606317.0,1544605738637,1,3,2,3,15
5,4606319.0,1544605738637,1,3,2,3,15
5,4606321.0,1544605738637,1,3,2,3,15
5,4606323.0,1544605738637,1,3,2,3,15
5,4606325.0,1544605738637,1,3,2,3,15
5,4606327.0,1544605738637,1,3,2,3,16
5,4606329.0,1544605738637,1,3,2,2,16
5,4606331.0,1544605738637,2,3,4,1,14
5,4606332.0,1544605738637,2,3,4,1,14
5,4606333.0,1544605738637,2,3,4,1,14
5,4606335.0,1544605738637,2,3,4,1,15
5,4606337.0,1544605738637,2,3,3,1,15
5,4606339.0,1544605738637,2,3,3,1,16
5,4606341.0,1544605738637,2,3,3,1,16
5,4606343.0,1544605738637,2,3,4,4,16
5,4606345.0,1544605738637,2,3,4,4,16
5,4606347.0,1544605738637,2,3,4,4,16
5,4606349.0,1544605738637,2,2,4,2,17
5,4606351.0,1544605738637,2,3,4,1,17
5,4606353.0,1544605738637,2,3,4,1,17
5,4606355.0,1544605738637,2,3,4,1,18
5,4606357.0,1544605738637,2,3,4,1,18
5,4606359.0,1544605738637,2,2,4,2,18
5,4606361.0,1544605738637,2,2,4,2,18
5,4606363.0,1544605738637,2,2,4,2,18
5,4606365.0,1544605738637,2,2,4,2,18
5,4606367.0,1544605738637,2,2,4,2,18
5,4606369.0,1544605738637,2,2,4,2,18
5,4606371.0,1544605738637,2,3,4,1,18
5,4606373.0,1544605738637,2,3,3,1,19
5,4606375.0,1544605738637,2,1,2,1,19
5,4606377.0,1544605738637,2,1,2,1,19
5,4606379.0,1544605738637,2,1,2,1,19
5,4606381.0,1544605738637,2,1,2,1,19
5,4606383.0,1544605738637,2,1,2,1,19
5,4606385.0,1544605738637,2,1,2,1,19
5,4606387.0,1544605738637,2,3,4,4,19
5,4606389.0,1544605738637,2,3,4,4,19
5,4606391.0,1544605738637,2,3,4,4,19
5,4606393.0,1544605738637,2,3,3,3,20
5,4606395.0,1544605738637,2,3,3,1,20
5,4606397.0,1544605738637,2,1,2,1,20
5,4606399.0,1544605738637,2,3,3,1,20
5,4606401.0,1544605738637,2,3,3,1,21
5,4606403.0,1544605738637,2,3,3,1,21
5,4606405.0,1544605738637,2,1,2,2,21
5,4606407.0,1544605738637,2,1,2,2,21
5,4606409.0,1544605738637,2,1,2,2,21
5,4606411.0,1544605738637,2,1,2,1,21
5,4606413.0,1544605738637,3,3,3,1,8
5,4606414.0,1544605738637,3,3,3,1,8
5,4606415.0,1544605738637,3,3,3,1,8
5,4606417.0,1544605738637,3,3,3,1,9
5,4606419.0,1544605738637,3,3,3,1,9
5,4606421.0,1544605738637,3,1,2,1,9
5,4606423.0,1544605738637,3,1,2,1,9
5,4606425.0,1544605738637,3,1,2,1,9
5,4606427.0,1544605738637,3,1,2,1,9
5,4606429.0,1544605738637,3,1,2,1,9
5,4606431.0,1544605738637,3,1,2,1,9
5,4606433.0,1544605738637,3,1,2,1,9
5,4606435.0,1544605738637,3,1,2,1,9
5,4606437.0,1544605738637,3,1,2,1,9
5,4606439.0,1544605738637,3,3,3,1,9
5,4606441.0,1544605738637,3,3,3,1,10
5,4606443.0,1544605738637,3,3,3,1,10
5,4606445.0,1544605738637,3,1,2,1,10
5,4606447.0,1544605738637,3,1,2,1,11
5,4606449.0,1544605738637,3,1,2,1,11
5,4606451.0,1544605738637,3,1,2,1,11
5,4606453.0,1544605738637,3,1,2,1,11
5,4606455.0,1544605738637,3,1,2,1,11
5,4606457.0,1544605738637,3,1,2,1,11
5,4606459.0,1544605738637,3,1,2,1,11
5,4606461.0,1544605738637,3,1,2,1,11
5,4606463.0,1544605738637,1,3,2,1,12
5,4606464.0,1544605738637,1,3,2,1,12
5,4606465.0,1544605738637,1,3,2,1,12
5,4606467.0,1544605738637,1,3,2,1,13
5,4606469.0,1544605738637,1,3,2,1,13
5,4606471.0,1544605738637,1,3,2,1,13
5,4606473.0,1544605738637,1,3,2,1,14
5,4606475.0,1544605738637,1,3,2,1,14
5,4606477.0,1544605738637,1,3,2,1,14
5,4606479.0,1544605738637,1,3,2,1,14
5,4606481.0,1544605738637,1,3,2,1,14
5,4606483.0,1544605738637,1,3,2,1,14
5,4606485.0,1544605738637,1,3,2,1,15
5,4606487.0,1544605738637,1,3,2,1,15
5,4606489.0,1544605738637,2,1,2,1,17
5,4606491.0,1544605738637,2,1,2,1,17
5,4606493.0,1544605738637,2,1,2,1,17
5,4606495.0,1544605738637,2,1,2,1,17
5,4606496.0,1544605738637,2,1,2,1,17
5,4606497.0,1544605738637,2,1,2,1,17
5,4606499.0,1544605738637,2,1,2,1,17
5,4606501.0,1544605738637,2,1,2,1,17
5,4606503.0,1544605738637,2,1,2,1,17
5,4606505.0,1544605738637,2,1,2,1,17
5,4606507.0,1544605738637,2,1,2,1,17
5,4606509.0,1544605738637,2,1,2,1,17
5,4606511.0,1544605738637,2,1,2,1,17
5,4606513.0,1544605738637,2,1,2,1,17
5,4606515.0,1544605738637,2,3,3,1,17
5,4606517.0,1544605738637,2,3,3,1,18
5,4606519.0,1544605738637,2,3,3,1,18
5,4606521.0,1544605738637,2,1,2,1,18
5,4606523.0,1544605738637,2,1,2,1,18
5,4606525.0,1544605738637,2,1,2,1,18
5,4606527.0,1544605738637,2,1,2,1,18
5,4606529.0,1544605738637,2,1,2,1,18
5,4606531.0,1544605738637,2,1,2,1,18
5,4606533.0,1544605738637,2,1,2,1,18
5,4606535.0,1544605738637,2,1,2,1,19
5,4606537.0,1544605738637,2,1,2,1,19
5,4606539.0,1544605738637,2,1,2,1,19
5,4606541.0,1544605738637,2,1,2,1,20
5,4606543.0,1544605738637,2,1,2,1,20
5,4606545.0,1544605738637,2,1,2,1,20
5,4606547.0,1544605738637,2,1,2,1,21
5,4606549.0,1544605738637,2,1,2,1,21
5,4606551.0,1544605738637,3,1,2,1,8
5,4606552.0,1544605738637,3,1,2,1,8
5,4606553.0,1544605738637,3,1,2,1,8
5,4606555.0,1544605738637,3,1,2,1,8
5,4606557.0,1544605738637,3,1,2,1,8
5,4606559.0,1544605738637,3,3,3,1,8
5,4606561.0,1544605738637,3,3,3,1,9
5,4606563.0,1544605738637,3,3,3,1,9
5,4606565.0,1544605738637,3,1,2,1,9
5,4606567.0,1544605738637,3,1,2,1,9
5,4606569.0,1544605738637,3,1,2,1,9
5,4606571.0,1544605738637,3,1,2,1,9
5,4606573.0,1544605738637,3,1,2,1,9
5,4606575.0,1544605738637,3,1,2,1,9
5,4606577.0,1544605738637,1,3,2,1,13
5,4606578.0,1544605738637,1,3,2,1,13
5,4606579.0,1544605738637,1,3,2,1,13
5,4606581.0,1544605738637,1,3,2,1,14
5,4606583.0,1544605738637,1,3,2,1,14
5,4606585.0,1544605738637,1,3,2,1,14
5,4606587.0,1544605738637,1,3,2,1,14
5,4606589.0,1544605738637,1,3,2,1,14
5,4606591.0,1544605738637,1,3,2,1,14
5,4606593.0,1544605738637,1,3,2,1,14
5,4606595.0,1544605738637,1,3,2,1,14
5,4606597.0,1544605738637,1,3,2,1,14
5,4606599.0,1544605738637,1,3,2,1,15
5,4606601.0,1544605738637,1,3,2,1,15
5,4606603.0,1544605738637,1,3,2,1,15
5,4606605.0,1544605738637,1,3,2,1,15
5,4606607.0,1544605738637,1,3,2,1,15
5,4606609.0,1544605738637,2,1,2,1,19
5,4606610.0,1544605738637,2,1,2,1,19
5,4606611.0,1544605738637,2,1,2,1,19
5,4606613.0,1544605738637,2,1,2,1,19
5,4606615.0,1544605738637,2,1,2,1,19
5,4606617.0,1544605738637,2,1,2,1,19
5,4606619.0,1544605738637,2,1,2,1,19
5,4606621.0,1544605738637,2,1,2,1,19
5,4606623.0,1544605738637,2,1,2,1,19
5,4606625.0,1544605738637,2,1,2,1,19
5,4606627.0,1544605738637,2,1,2,1,19
5,4606629.0,1544605738637,2,1,2,1,19
5,4606631.0,1544605738637,2,1,2,1,19
5,4606633.0,1544605738637,2,1,2,1,19
5,4606635.0,1544605738637,2,1,2,1,19
5,4606637.0,1544605738637,2,1,2,1,19
5,4606639.0,1544605738637,2,1,2,1,19
5,4606641.0,1544605738637,2,1,2,1,19
5,4606643.0,1544605738637,2,1,2,1,20
5,4606645.0,1544605738637,2,1,2,1,20
5,4606647.0,1544605738637,2,1,2,1,20
5,4606649.0,1544605738637,2,1,2,1,20
5,4606651.0,1544605738637,2,1,2,1,20
5,4606653.0,1544605738637,2,1,2,1,20
5,4606655.0,1544605738637,2,1,2,1,20
5,4606657.0,1544605738637,2,1,2,1,20
5,4606659.0,1544605738637,2,1,2,1,20
5,4606661.0,1544605738637,2,1,2,1,20
5,4606663.0,1544605738637,2,1,2,1,20
5,4606665.0,1544605738637,3,1,2,1,8
5,4606666.0,1544605738637,3,1,2,1,8
5,4606667.0,1544605738637,3,1,2,1,8
5,4606669.0,1544605738637,3,1,2,1,9
5,4606671.0,1544605738637,3,1,2,1,9
5,4606673.0,1544605738637,3,1,2,1,9
5,4606675.0,1544605738637,3,1,2,1,9
5,4606677.0,1544605738637,3,1,2,1,9
5,4606679.0,1544605738637,3,1,2,1,9
5,4606681.0,1544605738637,3,1,2,1,10
5,4606683.0,1544605738637,3,1,2,1,10
5,4606685.0,1544605738637,1,3,2,1,13
5,4606686.0,1544605738637,1,3,2,1,13
5,4606687.0,1544605738637,1,3,2,1,13
5,4606689.0,1544605738637,1,3,2,1,13
5,4606691.0,1544605738637,1,3,2,1,13
5,4606693.0,1544605738637,1,3,2,1,13
5,4606695.0,1544605738637,1,3,2,1,13
5,4606697.0,1544605738637,1,3,2,1,13
5,4606699.0,1544605738637,1,3,2,1,13
5,4606701.0,1544605738637,1,3,2,1,13
5,4606703.0,1544605738637,1,3,2,1,13
5,4606705.0,1544605738637,1,3,2,1,13
5,4606707.0,1544605738637,1,3,2,1,14
5,4606709.0,1544605738637,1,3,2,1,14
5,4606711.0,1544605738637,2,1,2,1,18
5,4606713.0,1544605738637,2,1,2,1,18
5,4606715.0,1544605738637,2,1,2,1,18
5,4606717.0,1544605738637,2,1,2,1,18
5,4606718.0,1544605738637,2,1,2,1,18
5,4606719.0,1544605738637,2,1,2,1,18
5,4606721.0,1544605738637,2,1,2,1,18
5,4606723.0,1544605738637,2,1,2,1,18
5,4606725.0,1544605738637,2,1,2,1,18
5,4606727.0,1544605738637,2,1,2,1,18
5,4606729.0,1544605738637,2,1,2,1,18
5,4606731.0,1544605738637,2,1,2,1,18
5,4606733.0,1544605738637,2,1,2,1,18
5,4606735.0,1544605738637,2,1,2,1,18
5,4606737.0,1544605738637,2,1,2,1,18
5,4606739.0,1544605738637,2,1,2,1,18
5,4606741.0,1544605738637,2,1,2,1,18
5,4606743.0,1544605738637,2,1,2,1,18
5,4606745.0,1544605738637,2,1,2,1,18
5,4606747.0,1544605738637,2,1,2,1,18
5,4606749.0,1544605738637,2,1,2,1,18
5,4606751.0,1544605738637,2,1,2,1,18
5,4606753.0,1544605738637,2,1,2,1,18
5,4606755.0,1544605738637,2,1,2,1,18
5,4606757.0,1544605738637,2,1,2,1,18
5,4606759.0,1544605738637,2,1,2,1,18
5,4606761.0,1544605738637,2,1,2,1,18
5,4606763.0,1544605738637,2,1,2,1,19
5,4606765.0,1544605738637,2,1,2,1,19
5,4606767.0,1544605738637,3,1,2,1,10
5,4606768.0,1544605738637,3,1,2,1,10
5,4606769.0,1544605738637,3,1,2,1,10
5,4606771.0,1544605738637,3,1,2,1,10
5,4606773.0,1544605738637,3,1,2,1,10
5,4606775.0,1544605738637,3,1,2,1,10
5,4606777.0,1544605738637,3,1,2,1,11
5,4606779.0,1544605738637,3,1,2,1,11
5,4606781.0,1544605738637,3,1,2,1,11
5,4606783.0,1544605738637,3,1,2,1,11
5,4606785.0,1544605738637,3,1,2,1,11
5,4606787.0,1544605738637,1,3,2,1,13
5,4606788.0,1544605738637,1,3,2,1,13
5,4606789.0,1544605738637,1,3,2,1,13
5,4606791.0,1544605738637,1,3,2,1,14
5,4606793.0,1544605738637,1,3,2,1,14
5,4606795.0,1544605738637,1,3,2,1,14
5,4606797.0,1544605738637,1,3,2,1,14
5,4606799.0,1544605738637,1,3,2,1,14
5,4606801.0,1544605738637,1,3,2,1,14
5,4606803.0,1544605738637,1,3,2,1,14
5,4606805.0,1544605738637,1,3,2,1,14
5,4606807.0,1544605738637,1,3,2,1,14
5,4606809.0,1544605738637,1,3,2,1,15
5,4606811.0,1544605738637,1,3,2,1,15
5,4606813.0,1544605738637,1,3,2,1,15
5,4606815.0,1544605738637,1,3,2,1,15
5,4606817.0,1544605738637,1,3,2,1,15
5,4606819.0,1544605738637,1,3,2,1,15
5,4606821.0,1544605738637,1,3,2,1,16
5,4606823.0,1544605738637,1,3,2,1,16
5,4606825.0,1544605738637,1,3,2,1,16
5,4606827.0,1544605738637,1,3,2,1,17
5,4606829.0,1544605738637,1,3,2,1,17
5,4606831.0,1544605738637,1,3,2,1,17
5,4606833.0,1544605738637,1,3,2,1,17
5,4606835.0,1544605738637,1,3,2,1,17
5,4606837.0,1544605738637,2,1,2,1,17
5,4606839.0,1544605738637,2,1,2,1,17
5,4606841.0,1544605738637,2,1,2,1,17
5,4606843.0,1544605738637,2,3,4,1,17
5,4606845.0,1544605738637,2,3,4,1,18
5,4606847.0,1544605738637,2,3,4,1,18
5,4606849.0,1544605738637,2,1,2,1,18
5,4606851.0,1544605738637,2,1,2,1,18
5,4606853.0,1544605738637,2,1,2,1,18
5,4606855.0,1544605738637,2,1,2,1,18
5,4606856.0,1544605738637,2,1,2,1,18
5,4606857.0,1544605738637,2,1,2,1,18
5,4606859.0,1544605738637,2,1,2,1,18
5,4606861.0,1544605738637,2,1,2,1,18
5,4606863.0,1544605738637,2,1,2,1,18
5,4606865.0,1544605738637,2,1,2,1,19
5,4606867.0,1544605738637,2,1,2,1,19
5,4606869.0,1544605738637,2,1,2,1,19
5,4606871.0,1544605738637,2,1,2,1,19
5,4606873.0,1544605738637,2,1,2,1,19
5,4606875.0,1544605738637,2,1,2,1,19
5,4606877.0,1544605738637,2,1,2,1,20
5,4606879.0,1544605738637,2,1,2,1,20
5,4606881.0,1544605738637,2,1,2,1,20
5,4606883.0,1544605738637,2,1,2,1,21
5,4606885.0,1544605738637,2,1,2,1,21
5,4606887.0,1544605738637,3,1,2,1,7
5,4606889.0,1544605738637,3,1,2,1,7
5,4606891.0,1544605738637,3,1,2,1,7
5,4606893.0,1544605738637,3,1,2,1,7
5,4606894.0,1544605738637,3,1,2,1,7
5,4606895.0,1544605738637,3,1,2,1,7
5,4606897.0,1544605738637,3,1,2,1,7
5,4606899.0,1544605738637,3,1,2,1,7
5,4606901.0,1544605738637,3,1,2,1,7
5,4606903.0,1544605738637,3,1,2,1,8
5,4606905.0,1544605738637,3,1,2,1,8
5,4606907.0,1544605738637,1,3,2,1,14
5,4606909.0,1544605738637,1,3,2,1,15
5,4606911.0,1544605738637,1,3,2,1,15
5,4606913.0,1544605738637,1,3,2,1,15
5,4606914.0,1544605738637,1,3,2,1,15
5,4606915.0,1544605738637,1,3,2,1,15
5,4606917.0,1544605738637,1,3,2,1,16
5,4606919.0,1544605738637,1,3,2,1,16
5,4606921.0,1544605738637,1,3,2,1,16
5,4606923.0,1544605738637,1,3,2,1,16
5,4606925.0,1544605738637,1,3,2,1,16
5,4606927.0,1544605738637,1,3,3,1,16
5,4606929.0,1544605738637,1,3,3,1,16
5,4606931.0,1544605738637,1,3,3,1,16
5,4606933.0,1544605738637,1,3,2,1,16
5,4606935.0,1544605738637,1,3,2,1,17
5,4606937.0,1544605738637,1,3,2,1,17
5,4606939.0,1544605738637,1,3,2,1,17
5,4606941.0,1544605738637,1,3,2,1,17
5,4606943.0,1544605738637,1,3,2,1,17
5,4606946.0,1544605738637,2,1,2,1,18
5,4606948.0,1544605738637,2,1,2,1,19
5,4606950.0,1544605738637,2,1,2,1,19
5,4606952.0,1544605738637,2,1,2,1,19
5,4606953.0,1544605738637,2,1,2,1,19
5,4606954.0,1544605738637,2,1,2,1,19
5,4606956.0,1544605738637,2,1,2,1,19
5,4606958.0,1544605738637,2,1,2,1,19
5,4606960.0,1544605738637,2,1,2,1,19
5,4606962.0,1544605738637,2,1,2,1,19
5,4606964.0,1544605738637,2,1,2,1,19
5,4606966.0,1544605738637,2,1,2,1,19
5,4606968.0,1544605738637,2,1,2,1,20
5,4606970.0,1544605738637,2,1,2,1,20
5,4606972.0,1544605738637,2,1,2,1,20
5,4606974.0,1544605738637,2,1,2,1,20
5,4606976.0,1544605738637,2,1,2,1,20
5,4606978.0,1544605738637,2,1,2,1,20
5,4606980.0,1544605738637,2,1,2,1,21
5,4606982.0,1544605738637,2,1,2,1,21
5,4606984.0,1544605738637,2,3,3,1,21
5,4606986.0,1544605738637,2,3,3,1,21
5,4606988.0,1544605738637,2,3,3,1,21
5,4606990.0,1544605738637,2,1,2,1,21
5,4606992.0,1544605738637,2,1,2,1,21
5,4606994.0,1544605738637,2,1,2,1,21
5,4606996.0,1544605738637,2,1,2,1,21
5,4606998.0,1544605738637,2,1,2,1,21
5,4607000.0,1544605738637,2,1,2,1,21
5,4607002.0,1544605738637,3,3,3,1,5
5,4607003.0,1544605738637,3,3,3,1,5
5,4607004.0,1544605738637,3,3,3,1,5
5,4607006.0,1544605738637,3,3,3,1,6
5,4607008.0,1544605738637,3,3,3,1,6
5,4607010.0,1544605738637,3,3,3,1,6
5,4607012.0,1544605738637,3,3,3,1,7
5,4607014.0,1544605738637,3,3,3,1,7
5,4607016.0,1544605738637,3,1,2,1,7
5,4607018.0,1544605738637,3,1,2,1,7
5,4607020.0,1544605738637,3,1,2,1,7
5,4607022.0,1544605738637,3,3,4,1,7
5,4607024.0,1544605738637,3,3,4,1,7
5,4607026.0,1544605738637,3,3,4,1,7
5,4607028.0,1544605738637,3,3,3,1,7
5,4607030.0,1544605738637,3,3,3,1,8
5,4607032.0,1544605738637,3,3,3,1,8
5,4607034.0,1544605738637,3,3,3,1,8
5,4607036.0,1544605738637,3,3,3,1,8
5,4607038.0,1544605738637,3,3,3,1,8
5,4607040.0,1544605738637,1,3,4,1,16
5,4607042.0,1544605738637,1,3,4,1,16
5,4607044.0,1544605738637,1,3,4,1,16
5,4607046.0,1544605738637,1,3,2,1,16
5,4607048.0,1544605738637,1,3,5,1,16
5,4607049.0,1544605738637,1,3,5,1,16
5,4607050.0,1544605738637,1,3,5,1,16
5,4607052.0,1544605738637,1,3,5,1,17
5,4607054.0,1544605738637,1,3,5,1,17
5,4607056.0,1544605738637,1,3,5,1,17
5,4607058.0,1544605738637,1,3,5,1,18
5,4607060.0,1544605738637,1,3,5,1,19
5,4607062.0,1544605738637,1,3,4,1,19
5,4607064.0,1544605738637,1,3,4,1,20
5,4607066.0,1544605738637,1,3,4,1,20
5,4607068.0,1544605738637,1,3,5,1,20
5,4607070.0,1544605738637,1,3,5,1,21
5,4607072.0,1544605738637,1,3,5,1,21
5,4607074.0,1544605738637,1,3,4,1,21
5,4607076.0,1544605738637,1,3,4,1,21
5,4607078.0,1544605738637,1,3,4,1,22

End Time: 12/dez/2018 9:09:05