Timestamp: 12/dez/2018 9:08:35
NumberOfPlayers: 3
PlayerFiveMindset: Random
PlayerFourMindset: Defensive
PlayerOneMindset: Smart
PlayerSixMindset: Random
PlayerThreeMindset: Smart
PlayerTwoMindset: Aggressive


"run","tick","RngSeed","play"
1,4177210.0,1544605714695,3,2,2,2
1,4177212.0,1544605714695,3,2,2,1
1,4177214.0,1544605714695,3,2,2,1
1,4177216.0,1544605714695,3,3,2,1
1,4177218.0,1544605714695,3,3,2,1
1,4177220.0,1544605714695,3,3,2,1
1,4177222.0,1544605714695,3,3,2,1
1,4177224.0,1544605714695,3,3,2,4
1,4177226.0,1544605714695,3,3,2,3
1,4177228.0,1544605714695,3,3,2,3
1,4177230.0,1544605714695,3,3,2,3
1,4177232.0,1544605714695,3,3,2,1
1,4177234.0,1544605714695,3,3,2,1
1,4177236.0,1544605714695,3,3,2,1
1,4177238.0,1544605714695,3,3,2,1
1,4177240.0,1544605714695,3,3,2,2
1,4177242.0,1544605714695,3,3,2,2
1,4177244.0,1544605714695,3,3,2,3
1,4177246.0,1544605714695,3,3,2,1
1,4177248.0,1544605714695,3,3,2,2
1,4177250.0,1544605714695,3,3,2,2
1,4177253.0,1544605714695,2,3,2,3
1,4177256.0,1544605714695,2,3,2,1
1,4177258.0,1544605714695,2,3,2,2
1,4177261.0,1544605714695,3,1,2,1
1,4177263.0,1544605714695,3,1,2,1
1,4177265.0,1544605714695,3,1,2,1
1,4177267.0,1544605714695,2,1,2,3
1,4177269.0,1544605714695,2,1,2,2
1,4177271.0,1544605714695,2,1,2,2
1,4177273.0,1544605714695,2,1,2,2
1,4177275.0,1544605714695,3,2,2,2
1,4177277.0,1544605714695,3,2,2,1
1,4177279.0,1544605714695,3,2,2,1
1,4177283.0,1544605714695,1,3,2,1
1,4177285.0,1544605714695,1,3,2,2
1,4177287.0,1544605714695,1,3,2,2
1,4177289.0,1544605714695,1,3,2,1
1,4177291.0,1544605714695,1,3,2,1
1,4177293.0,1544605714695,1,3,2,1
1,4177295.0,1544605714695,3,3,2,3
1,4177297.0,1544605714695,3,3,2,1
1,4177299.0,1544605714695,3,3,2,1
1,4177301.0,1544605714695,3,3,2,1
1,4177303.0,1544605714695,3,2,2,2
1,4177306.0,1544605714695,3,2,2,1
1,4177308.0,1544605714695,1,1,2,1
1,4177310.0,1544605714695,1,1,2,1
1,4177312.0,1544605714695,1,1,2,1
1,4177316.0,1544605714695,2,3,2,1
1,4177318.0,1544605714695,2,3,2,1
1,4177320.0,1544605714695,1,3,2,1
1,4177322.0,1544605714695,1,3,2,1
1,4177324.0,1544605714695,1,3,2,1
1,4177326.0,1544605714695,1,3,2,1
1,4177328.0,1544605714695,1,3,2,1
1,4177330.0,1544605714695,2,3,2,1
1,4177332.0,1544605714695,2,3,2,2
1,4177334.0,1544605714695,2,3,2,1
1,4177336.0,1544605714695,1,3,2,1
1,4177338.0,1544605714695,2,3,2,1
1,4177340.0,1544605714695,2,3,2,1
1,4177342.0,1544605714695,2,3,2,1
1,4177344.0,1544605714695,1,3,2,1
1,4177346.0,1544605714695,1,3,2,1
1,4177348.0,1544605714695,1,3,2,1
1,4177350.0,1544605714695,2,3,2,1
1,4177352.0,1544605714695,2,3,2,1
1,4177354.0,1544605714695,2,3,2,1
1,4177356.0,1544605714695,2,3,2,1
1,4177360.0,1544605714695,3,3,2,1
1,4177362.0,1544605714695,3,3,2,2
1,4177364.0,1544605714695,3,3,2,2
1,4177366.0,1544605714695,2,3,2,1
1,4177368.0,1544605714695,2,3,2,1
1,4177370.0,1544605714695,2,3,2,1
1,4177372.0,1544605714695,3,1,2,1
1,4177374.0,1544605714695,3,1,2,1
1,4177376.0,1544605714695,3,1,2,1
1,4177378.0,1544605714695,3,1,2,1
1,4177380.0,1544605714695,3,1,2,1
1,4177382.0,1544605714695,3,1,2,1
1,4177384.0,1544605714695,3,3,2,1
1,4177386.0,1544605714695,3,3,2,2
1,4177388.0,1544605714695,3,3,2,2
1,4177390.0,1544605714695,3,3,2,1
1,4177392.0,1544605714695,3,3,2,1
1,4177394.0,1544605714695,3,3,2,1
1,4177396.0,1544605714695,2,3,2,1
1,4177398.0,1544605714695,2,3,2,1
1,4177400.0,1544605714695,2,3,2,1
1,4177402.0,1544605714695,3,1,2,1
1,4177404.0,1544605714695,3,1,2,1
1,4177406.0,1544605714695,3,1,2,1
1,4177408.0,1544605714695,3,1,2,1
1,4177410.0,1544605714695,3,1,2,1
1,4177412.0,1544605714695,3,1,2,1
1,4177414.0,1544605714695,3,3,2,1
1,4177416.0,1544605714695,3,3,2,3
1,4177418.0,1544605714695,3,3,2,3
1,4177420.0,1544605714695,3,1,2,1
1,4177422.0,1544605714695,3,1,2,1
1,4177424.0,1544605714695,3,1,2,1
1,4177428.0,1544605714695,1,1,2,1
1,4177430.0,1544605714695,1,1,2,1
1,4177432.0,1544605714695,1,1,2,1
1,4177434.0,1544605714695,3,3,2,1
1,4177436.0,1544605714695,3,3,2,2
1,4177438.0,1544605714695,3,3,2,2
1,4177440.0,1544605714695,1,3,2,1
1,4177442.0,1544605714695,1,3,2,1
1,4177444.0,1544605714695,1,3,2,1
1,4177446.0,1544605714695,1,1,2,1
1,4177448.0,1544605714695,1,1,2,1
1,4177450.0,1544605714695,1,1,2,1
1,4177452.0,1544605714695,3,1,2,1
1,4177454.0,1544605714695,3,1,2,1
1,4177456.0,1544605714695,3,1,2,1
1,4177458.0,1544605714695,1,3,2,1
1,4177460.0,1544605714695,1,3,2,1
1,4177462.0,1544605714695,1,3,2,1
1,4177464.0,1544605714695,1,3,2,1
1,4177466.0,1544605714695,1,3,2,1
1,4177468.0,1544605714695,1,3,2,1
1,4177470.0,1544605714695,1,3,2,1
1,4177472.0,1544605714695,1,3,2,1
1,4177474.0,1544605714695,1,3,2,1
1,4177478.0,1544605714695,2,3,2,1
1,4177480.0,1544605714695,2,3,2,2
1,4177482.0,1544605714695,2,3,2,2
1,4177486.0,1544605714695,3,3,2,1
1,4177488.0,1544605714695,3,3,2,1
1,4177490.0,1544605714695,3,3,2,1
1,4177492.0,1544605714695,3,3,2,1
1,4177494.0,1544605714695,3,3,2,1
1,4177496.0,1544605714695,3,3,2,1
1,4177498.0,1544605714695,3,1,2,1
1,4177500.0,1544605714695,3,3,2,1
1,4177502.0,1544605714695,3,3,2,1
1,4177504.0,1544605714695,3,3,2,1
1,4177506.0,1544605714695,3,3,2,1
1,4177508.0,1544605714695,3,3,2,1
1,4177510.0,1544605714695,3,3,2,1
1,4177512.0,1544605714695,2,3,2,1
1,4177514.0,1544605714695,2,3,2,1
1,4177516.0,1544605714695,2,3,2,1
1,4177518.0,1544605714695,3,1,2,1
1,4177520.0,1544605714695,3,1,2,1
1,4177522.0,1544605714695,3,1,2,1
1,4177526.0,1544605714695,1,3,2,1
1,4177528.0,1544605714695,1,3,2,1
1,4177530.0,1544605714695,1,3,2,1
1,4177532.0,1544605714695,1,3,2,1
1,4177534.0,1544605714695,1,3,2,1
1,4177536.0,1544605714695,1,3,2,1
1,4177538.0,1544605714695,3,1,2,1
1,4177540.0,1544605714695,3,1,2,1
1,4177542.0,1544605714695,3,1,2,1
1,4177544.0,1544605714695,1,3,2,1
1,4177546.0,1544605714695,1,3,2,1
1,4177548.0,1544605714695,1,3,2,1
1,4177550.0,1544605714695,1,3,2,1
1,4177552.0,1544605714695,1,3,2,1
1,4177554.0,1544605714695,1,3,2,1
1,4177556.0,1544605714695,1,3,2,1
1,4177558.0,1544605714695,1,3,2,1
1,4177560.0,1544605714695,1,3,2,1
1,4177564.0,1544605714695,3,3,2,1
1,4177566.0,1544605714695,3,3,2,1
1,4177568.0,1544605714695,3,3,2,1
1,4177570.0,1544605714695,3,3,2,1
1,4177572.0,1544605714695,3,3,2,2
1,4177574.0,1544605714695,3,3,2,2
1,4177576.0,1544605714695,3,3,2,1
1,4177578.0,1544605714695,3,3,2,1
1,4177580.0,1544605714695,3,3,2,1
1,4177582.0,1544605714695,3,3,2,1
1,4177584.0,1544605714695,3,3,2,1
1,4177586.0,1544605714695,3,3,2,1
1,4177590.0,1544605714695,2,3,2,1
1,4177592.0,1544605714695,2,3,2,1
1,4177594.0,1544605714695,2,3,2,1
1,4177596.0,1544605714695,2,3,2,1
1,4177598.0,1544605714695,2,3,2,2
1,4177600.0,1544605714695,2,3,2,2
1,4177602.0,1544605714695,3,1,2,1
1,4177604.0,1544605714695,3,1,2,1
1,4177606.0,1544605714695,3,1,2,1
1,4177608.0,1544605714695,2,1,2,1
1,4177610.0,1544605714695,2,1,2,1
1,4177612.0,1544605714695,2,1,2,1
1,4177616.0,1544605714695,1,1,2,1
1,4177618.0,1544605714695,1,1,2,1
1,4177620.0,1544605714695,1,1,2,1
1,4177622.0,1544605714695,1,1,2,1
1,4177624.0,1544605714695,1,1,2,1
1,4177626.0,1544605714695,1,1,2,1
1,4177628.0,1544605714695,1,1,2,1
1,4177630.0,1544605714695,1,1,2,1
1,4177632.0,1544605714695,1,1,2,1
1,4177634.0,1544605714695,3,1,2,1
1,4177636.0,1544605714695,3,1,2,1
1,4177638.0,1544605714695,3,1,2,1
1,4177640.0,1544605714695,1,1,2,1
1,4177642.0,1544605714695,1,1,2,1
1,4177644.0,1544605714695,1,1,2,1
1,4177646.0,1544605714695,1,1,2,1
1,4177648.0,1544605714695,1,1,2,1
1,4177650.0,1544605714695,1,1,2,1
1,4177652.0,1544605714695,1,3,2,1
1,4177654.0,1544605714695,1,3,2,1
1,4177656.0,1544605714695,1,3,2,1
1,4177659.0,1544605714695,1,3,2,1
1,4177661.0,1544605714695,1,3,2,1
1,4177663.0,1544605714695,1,3,2,1
1,4177665.0,1544605714695,1,3,2,1
1,4177669.0,1544605714695,3,3,2,1
1,4177671.0,1544605714695,3,3,2,3
1,4177673.0,1544605714695,3,3,2,1
1,4177675.0,1544605714695,3,3,2,1
1,4177678.0,1544605714695,2,3,2,1
1,4177680.0,1544605714695,2,3,2,2
1,4177682.0,1544605714695,2,3,2,2
1,4177684.0,1544605714695,3,3,2,1
1,4177686.0,1544605714695,3,3,2,4
1,4177688.0,1544605714695,3,3,2,4
1,4177690.0,1544605714695,2,3,2,1
1,4177692.0,1544605714695,2,3,2,2
1,4177694.0,1544605714695,2,3,2,1
1,4177696.0,1544605714695,3,1,2,1
1,4177698.0,1544605714695,3,1,2,1
2,3165987.0,1544605721629,2,3,2,4
2,3165989.0,1544605721629,2,3,2,3
2,3165991.0,1544605721629,2,3,2,1
2,3165993.0,1544605721629,2,1,2,1
2,3165995.0,1544605721629,2,1,2,1
2,3165997.0,1544605721629,2,3,2,1
2,3165999.0,1544605721629,2,3,2,1
2,3166001.0,1544605721629,2,3,2,1
2,3166004.0,1544605721629,3,3,2,3
2,3166006.0,1544605721629,3,3,2,3
2,3166009.0,1544605721629,3,3,2,3
2,3166011.0,1544605721629,3,3,2,1
2,3166014.0,1544605721629,3,3,2,2
2,3166016.0,1544605721629,3,1,2,3
2,3166018.0,1544605721629,3,1,2,2
2,3166020.0,1544605721629,3,1,2,2
2,3166022.0,1544605721629,3,1,2,2
2,3166024.0,1544605721629,3,1,2,2
2,3166027.0,1544605721629,3,1,2,2
2,3166029.0,1544605721629,3,3,2,3
2,3166031.0,1544605721629,3,3,2,2
2,3166033.0,1544605721629,3,3,2,1
2,3166035.0,1544605721629,3,1,2,2
2,3166038.0,1544605721629,3,1,2,1
2,3166040.0,1544605721629,3,1,2,1
2,3166042.0,1544605721629,3,1,2,1
2,3166044.0,1544605721629,3,1,2,3
2,3166047.0,1544605721629,3,1,2,3
2,3166049.0,1544605721629,2,1,2,5
2,3166051.0,1544605721629,2,1,2,4
2,3166053.0,1544605721629,2,1,2,4
2,3166055.0,1544605721629,2,1,2,4
2,3166059.0,1544605721629,1,3,2,1
2,3166061.0,1544605721629,1,3,2,2
2,3166063.0,1544605721629,1,3,2,1
2,3166065.0,1544605721629,1,3,2,1
2,3166067.0,1544605721629,3,2,2,2
2,3166070.0,1544605721629,3,2,2,1
2,3166072.0,1544605721629,1,3,2,1
2,3166074.0,1544605721629,1,3,2,1
2,3166076.0,1544605721629,1,3,2,2
2,3166078.0,1544605721629,3,3,2,3
2,3166080.0,1544605721629,3,3,2,3
2,3166083.0,1544605721629,3,3,2,1
2,3166085.0,1544605721629,3,3,2,1
2,3166087.0,1544605721629,3,3,2,1
2,3166089.0,1544605721629,3,2,2,2
2,3166092.0,1544605721629,3,2,2,2
2,3166094.0,1544605721629,1,1,2,1
2,3166096.0,1544605721629,1,1,2,1
2,3166098.0,1544605721629,1,1,2,1
2,3166100.0,1544605721629,1,3,2,1
2,3166102.0,1544605721629,1,3,2,1
2,3166104.0,1544605721629,1,3,2,1
2,3166108.0,1544605721629,2,3,2,1
2,3166110.0,1544605721629,2,3,2,1
2,3166112.0,1544605721629,2,3,2,1
2,3166114.0,1544605721629,1,3,2,1
2,3166116.0,1544605721629,1,3,2,1
2,3166118.0,1544605721629,1,3,2,1
2,3166120.0,1544605721629,1,3,2,1
2,3166122.0,1544605721629,1,3,2,2
2,3166124.0,1544605721629,1,3,2,2
2,3166126.0,1544605721629,2,3,2,1
2,3166128.0,1544605721629,2,3,2,1
2,3166130.0,1544605721629,2,3,2,1
2,3166132.0,1544605721629,2,3,2,1
2,3166134.0,1544605721629,2,3,2,1
2,3166136.0,1544605721629,2,3,2,1
2,3166138.0,1544605721629,2,3,2,1
2,3166140.0,1544605721629,2,3,2,1
2,3166142.0,1544605721629,2,3,2,1
2,3166145.0,1544605721629,2,3,2,1
2,3166147.0,1544605721629,2,3,2,1
2,3166149.0,1544605721629,2,3,2,1
2,3166153.0,1544605721629,3,1,2,1
2,3166155.0,1544605721629,3,1,2,1
2,3166157.0,1544605721629,3,1,2,1
2,3166159.0,1544605721629,2,1,2,1
2,3166161.0,1544605721629,2,1,2,1
2,3166163.0,1544605721629,2,1,2,1
2,3166165.0,1544605721629,2,1,2,1
2,3166167.0,1544605721629,2,1,2,1
2,3166169.0,1544605721629,2,1,2,1
2,3166171.0,1544605721629,3,1,2,1
2,3166173.0,1544605721629,3,1,2,1
2,3166175.0,1544605721629,3,1,2,1
2,3166177.0,1544605721629,3,1,2,1
2,3166179.0,1544605721629,3,1,2,1
2,3166181.0,1544605721629,3,1,2,1
2,3166185.0,1544605721629,1,3,2,1
2,3166187.0,1544605721629,1,3,2,1
2,3166189.0,1544605721629,1,3,2,1
2,3166191.0,1544605721629,1,3,2,1
2,3166193.0,1544605721629,1,3,2,1
2,3166195.0,1544605721629,1,3,2,1
2,3166197.0,1544605721629,1,3,2,1
2,3166199.0,1544605721629,1,3,2,1
2,3166201.0,1544605721629,1,3,2,1
2,3166203.0,1544605721629,3,2,2,2
2,3166205.0,1544605721629,3,2,2,2
2,3166207.0,1544605721629,3,2,2,2
2,3166209.0,1544605721629,1,3,2,1
2,3166211.0,1544605721629,1,3,2,1
2,3166213.0,1544605721629,1,3,2,1
2,3166217.0,1544605721629,2,3,2,1
2,3166219.0,1544605721629,2,3,2,1
2,3166221.0,1544605721629,2,3,2,2
2,3166223.0,1544605721629,1,3,2,1
2,3166225.0,1544605721629,1,3,2,1
2,3166227.0,1544605721629,1,3,2,1
2,3166229.0,1544605721629,2,3,2,1
2,3166231.0,1544605721629,2,3,2,2
2,3166233.0,1544605721629,2,3,2,2
2,3166235.0,1544605721629,1,3,2,1
2,3166237.0,1544605721629,1,3,2,1
2,3166239.0,1544605721629,1,3,2,1
2,3166241.0,1544605721629,1,3,2,1
2,3166243.0,1544605721629,1,3,2,1
2,3166245.0,1544605721629,1,3,2,1
2,3166247.0,1544605721629,2,3,2,1
2,3166249.0,1544605721629,2,3,2,1
2,3166251.0,1544605721629,2,3,2,1
2,3166255.0,1544605721629,3,1,2,1
2,3166257.0,1544605721629,3,1,2,1
2,3166259.0,1544605721629,3,1,2,1
2,3166261.0,1544605721629,3,1,2,1
2,3166263.0,1544605721629,3,1,2,1
2,3166265.0,1544605721629,3,1,2,1
2,3166267.0,1544605721629,3,1,2,1
2,3166269.0,1544605721629,3,1,2,1
2,3166271.0,1544605721629,3,1,2,1
2,3166273.0,1544605721629,3,1,2,1
2,3166275.0,1544605721629,3,1,2,1
2,3166277.0,1544605721629,3,1,2,1
2,3166279.0,1544605721629,3,1,2,1
2,3166281.0,1544605721629,3,1,2,1
2,3166283.0,1544605721629,3,1,2,1
2,3166287.0,1544605721629,1,1,2,1
2,3166289.0,1544605721629,1,1,2,1
2,3166291.0,1544605721629,1,1,2,1
2,3166293.0,1544605721629,3,1,2,1
2,3166295.0,1544605721629,3,1,2,1
2,3166297.0,1544605721629,3,1,2,1
2,3166299.0,1544605721629,1,3,2,1
2,3166301.0,1544605721629,1,3,2,1
2,3166303.0,1544605721629,1,3,2,1
2,3166305.0,1544605721629,1,3,2,1
2,3166307.0,1544605721629,1,3,2,1
2,3166309.0,1544605721629,1,3,2,1
2,3166313.0,1544605721629,2,3,2,1
2,3166315.0,1544605721629,2,3,2,1
2,3166317.0,1544605721629,2,3,2,1
2,3166319.0,1544605721629,1,3,2,1
2,3166321.0,1544605721629,1,3,2,1
2,3166323.0,1544605721629,1,3,2,1
2,3166325.0,1544605721629,1,3,2,1
2,3166327.0,1544605721629,1,3,2,2
2,3166329.0,1544605721629,1,3,2,2
2,3166331.0,1544605721629,1,3,2,1
2,3166333.0,1544605721629,1,3,2,1
2,3166335.0,1544605721629,1,3,2,1
2,3166339.0,1544605721629,3,3,2,1
2,3166341.0,1544605721629,3,3,2,1
2,3166343.0,1544605721629,3,3,2,1
2,3166345.0,1544605721629,3,1,2,1
2,3166347.0,1544605721629,3,1,2,1
2,3166349.0,1544605721629,3,1,2,1
2,3166351.0,1544605721629,3,1,2,1
2,3166353.0,1544605721629,3,1,2,1
2,3166355.0,1544605721629,3,1,2,1
2,3166357.0,1544605721629,3,3,2,1
2,3166359.0,1544605721629,3,3,2,1
2,3166361.0,1544605721629,3,3,2,1
2,3166363.0,1544605721629,3,1,2,1
2,3166365.0,1544605721629,3,1,2,1
2,3166367.0,1544605721629,3,1,2,1
2,3166369.0,1544605721629,3,1,2,1
2,3166371.0,1544605721629,3,1,2,1
2,3166373.0,1544605721629,3,1,2,1
2,3166377.0,1544605721629,1,1,2,1
2,3166379.0,1544605721629,1,1,2,1
2,3166381.0,1544605721629,1,1,2,1
2,3166383.0,1544605721629,3,3,2,1
2,3166385.0,1544605721629,3,3,2,2
2,3166387.0,1544605721629,3,3,2,2
2,3166389.0,1544605721629,3,1,2,1
2,3166391.0,1544605721629,3,1,2,1
2,3166393.0,1544605721629,3,1,2,1
2,3166395.0,1544605721629,3,1,2,1
2,3166397.0,1544605721629,3,1,2,1
2,3166399.0,1544605721629,3,1,2,1
2,3166401.0,1544605721629,1,1,2,1
2,3166403.0,1544605721629,1,1,2,1
2,3166405.0,1544605721629,1,1,2,1
2,3166407.0,1544605721629,1,3,2,1
2,3166409.0,1544605721629,1,3,2,1
2,3166411.0,1544605721629,1,3,2,1
2,3166413.0,1544605721629,1,3,2,1
2,3166415.0,1544605721629,1,3,2,2
2,3166417.0,1544605721629,1,3,2,2
2,3166419.0,1544605721629,1,3,2,1
2,3166421.0,1544605721629,1,3,2,1
2,3166423.0,1544605721629,1,3,2,1
2,3166427.0,1544605721629,2,3,2,1
2,3166429.0,1544605721629,2,3,2,1
2,3166431.0,1544605721629,2,3,2,1
2,3166433.0,1544605721629,1,3,2,1
2,3166435.0,1544605721629,1,3,2,2
2,3166437.0,1544605721629,1,3,2,2
2,3166439.0,1544605721629,2,3,2,1
2,3166441.0,1544605721629,2,3,2,2
2,3166443.0,1544605721629,2,3,2,2
2,3166445.0,1544605721629,1,3,2,1
2,3166447.0,1544605721629,1,3,2,1
2,3166449.0,1544605721629,1,3,2,1
2,3166451.0,1544605721629,2,3,2,1
2,3166453.0,1544605721629,2,3,2,1
2,3166455.0,1544605721629,2,3,2,1
2,3166457.0,1544605721629,2,3,2,3
2,3166459.0,1544605721629,2,3,2,3
2,3166461.0,1544605721629,2,3,2,3
2,3166465.0,1544605721629,3,1,2,1
2,3166467.0,1544605721629,3,1,2,1
2,3166469.0,1544605721629,3,1,2,1
2,3166471.0,1544605721629,3,1,2,1
2,3166473.0,1544605721629,3,1,2,1
2,3166475.0,1544605721629,3,1,2,1
2,3166477.0,1544605721629,3,1,2,1
2,3166479.0,1544605721629,3,1,2,1
2,3166481.0,1544605721629,3,1,2,1
2,3166483.0,1544605721629,3,3,2,1
2,3166485.0,1544605721629,3,3,2,1
2,3166487.0,1544605721629,3,3,2,1
2,3166489.0,1544605721629,3,1,2,1
2,3166491.0,1544605721629,3,1,2,1
2,3166493.0,1544605721629,3,1,2,1
2,3166495.0,1544605721629,3,3,2,1
2,3166497.0,1544605721629,3,3,2,1
2,3166499.0,1544605721629,3,3,2,1
2,3166501.0,1544605721629,3,1,2,1
2,3166503.0,1544605721629,3,1,2,1
2,3166505.0,1544605721629,3,1,2,1
2,3166509.0,1544605721629,1,1,2,1
2,3166511.0,1544605721629,1,1,2,1
2,3166513.0,1544605721629,1,1,2,1
2,3166515.0,1544605721629,1,3,2,1
2,3166517.0,1544605721629,1,3,2,1
2,3166519.0,1544605721629,1,3,2,1
2,3166521.0,1544605721629,1,3,2,1
2,3166523.0,1544605721629,1,3,2,2
2,3166525.0,1544605721629,1,3,2,1
3,4590635.0,1544605727245,1,1,2,3
3,4590637.0,1544605727245,1,1,2,3
3,4590639.0,1544605727245,1,1,2,3
3,4590641.0,1544605727245,1,3,2,3
3,4590643.0,1544605727245,1,3,2,3
3,4590645.0,1544605727245,1,3,2,1
3,4590647.0,1544605727245,1,2,2,2
3,4590649.0,1544605727245,1,2,2,2
3,4590651.0,1544605727245,1,2,2,2
3,4590653.0,1544605727245,1,2,2,2
3,4590655.0,1544605727245,1,2,2,1
3,4590657.0,1544605727245,1,2,2,1
3,4590659.0,1544605727245,1,2,2,2
3,4590661.0,1544605727245,1,2,2,2
3,4590663.0,1544605727245,1,2,2,2
3,4590665.0,1544605727245,1,1,2,5
3,4590667.0,1544605727245,1,1,2,5
3,4590669.0,1544605727245,1,1,2,5
3,4590673.0,1544605727245,3,1,2,2
3,4590675.0,1544605727245,3,1,2,1
3,4590677.0,1544605727245,3,1,2,1
3,4590679.0,1544605727245,3,1,2,1
3,4590681.0,1544605727245,1,1,2,5
3,4590683.0,1544605727245,1,1,2,5
3,4590685.0,1544605727245,1,1,2,5
3,4590687.0,1544605727245,3,3,2,5
3,4590689.0,1544605727245,3,3,2,3
3,4590691.0,1544605727245,3,3,2,2
3,4590693.0,1544605727245,3,3,2,2
3,4590695.0,1544605727245,3,1,2,2
3,4590697.0,1544605727245,1,1,2,5
3,4590699.0,1544605727245,1,1,2,4
3,4590701.0,1544605727245,1,1,2,4
3,4590703.0,1544605727245,1,1,2,4
3,4590705.0,1544605727245,1,3,2,3
3,4590707.0,1544605727245,1,3,2,1
3,4590709.0,1544605727245,1,3,2,1
3,4590711.0,1544605727245,1,3,2,1
3,4590713.0,1544605727245,1,3,2,4
3,4590715.0,1544605727245,1,3,2,4
3,4590717.0,1544605727245,1,3,2,4
3,4590719.0,1544605727245,1,3,2,4
3,4590721.0,1544605727245,1,3,2,2
3,4590723.0,1544605727245,1,3,2,1
3,4590725.0,1544605727245,1,2,2,1
3,4590729.0,1544605727245,2,3,2,1
3,4590731.0,1544605727245,2,3,2,1
3,4590733.0,1544605727245,2,3,2,1
3,4590735.0,1544605727245,1,3,2,4
3,4590737.0,1544605727245,1,3,2,3
3,4590739.0,1544605727245,1,3,2,1
3,4590741.0,1544605727245,1,3,2,1
3,4590743.0,1544605727245,1,3,2,1
3,4590745.0,1544605727245,1,2,2,2
3,4590747.0,1544605727245,1,2,2,1
3,4590749.0,1544605727245,1,2,2,1
3,4590751.0,1544605727245,1,1,2,1
3,4590753.0,1544605727245,2,3,2,1
3,4590755.0,1544605727245,2,3,2,1
3,4590757.0,1544605727245,2,3,2,1
3,4590761.0,1544605727245,3,3,2,1
3,4590763.0,1544605727245,3,3,2,1
3,4590765.0,1544605727245,3,3,2,1
3,4590767.0,1544605727245,2,3,2,1
3,4590769.0,1544605727245,2,3,2,2
3,4590771.0,1544605727245,2,3,2,2
3,4590773.0,1544605727245,3,3,2,1
3,4590775.0,1544605727245,3,3,2,2
3,4590777.0,1544605727245,3,3,2,2
3,4590779.0,1544605727245,3,3,2,1
3,4590781.0,1544605727245,3,3,2,1
3,4590783.0,1544605727245,3,3,2,1
3,4590785.0,1544605727245,2,3,2,1
3,4590787.0,1544605727245,2,3,2,1
3,4590789.0,1544605727245,2,3,2,1
3,4590791.0,1544605727245,2,3,2,1
3,4590793.0,1544605727245,2,3,2,1
3,4590795.0,1544605727245,2,3,2,1
3,4590797.0,1544605727245,3,3,2,1
3,4590799.0,1544605727245,3,3,2,1
3,4590801.0,1544605727245,3,3,2,1
3,4590805.0,1544605727245,1,1,2,1
3,4590807.0,1544605727245,1,1,2,1
3,4590809.0,1544605727245,1,1,2,1
3,4590811.0,1544605727245,3,1,2,1
3,4590813.0,1544605727245,3,1,2,1
3,4590815.0,1544605727245,3,1,2,1
3,4590817.0,1544605727245,3,1,2,1
3,4590819.0,1544605727245,3,1,2,1
3,4590821.0,1544605727245,3,1,2,1
3,4590823.0,1544605727245,1,1,2,1
3,4590825.0,1544605727245,1,1,2,1
3,4590827.0,1544605727245,1,1,2,1
3,4590829.0,1544605727245,3,1,2,1
3,4590831.0,1544605727245,3,1,2,1
3,4590833.0,1544605727245,3,1,2,1
3,4590835.0,1544605727245,1,1,2,1
3,4590837.0,1544605727245,1,1,2,1
3,4590839.0,1544605727245,1,1,2,1
3,4590841.0,1544605727245,1,1,2,1
3,4590843.0,1544605727245,1,1,2,1
3,4590845.0,1544605727245,1,1,2,1
3,4590847.0,1544605727245,1,1,2,1
3,4590849.0,1544605727245,1,1,2,1
3,4590851.0,1544605727245,1,1,2,1
3,4590853.0,1544605727245,1,1,2,1
3,4590855.0,1544605727245,1,1,2,1
3,4590857.0,1544605727245,1,1,2,1
3,4590861.0,1544605727245,2,1,2,1
3,4590863.0,1544605727245,2,1,2,1
3,4590865.0,1544605727245,2,1,2,1
3,4590867.0,1544605727245,1,1,2,1
3,4590869.0,1544605727245,1,1,2,1
3,4590871.0,1544605727245,1,1,2,1
3,4590873.0,1544605727245,2,1,2,1
3,4590875.0,1544605727245,2,1,2,1
3,4590877.0,1544605727245,2,1,2,1
3,4590879.0,1544605727245,2,3,2,1
3,4590881.0,1544605727245,2,3,2,1
3,4590883.0,1544605727245,2,3,2,1
3,4590887.0,1544605727245,3,3,2,1
3,4590889.0,1544605727245,3,3,2,1
3,4590891.0,1544605727245,3,3,2,1
3,4590893.0,1544605727245,3,3,2,1
3,4590895.0,1544605727245,3,3,2,1
3,4590897.0,1544605727245,3,3,2,1
3,4590899.0,1544605727245,2,3,2,1
3,4590901.0,1544605727245,2,3,2,1
3,4590903.0,1544605727245,2,3,2,1
3,4590905.0,1544605727245,2,3,2,1
3,4590907.0,1544605727245,2,3,2,1
3,4590909.0,1544605727245,2,3,2,1
3,4590911.0,1544605727245,3,3,2,1
3,4590913.0,1544605727245,3,3,2,1
3,4590915.0,1544605727245,3,3,2,1
3,4590917.0,1544605727245,3,1,2,1
3,4590919.0,1544605727245,3,1,2,1
3,4590921.0,1544605727245,3,1,2,1
3,4590925.0,1544605727245,1,1,2,1
3,4590927.0,1544605727245,1,1,2,1
3,4590929.0,1544605727245,1,1,2,1
3,4590931.0,1544605727245,3,1,2,1
3,4590933.0,1544605727245,3,1,2,1
3,4590935.0,1544605727245,3,1,2,1
3,4590937.0,1544605727245,3,1,2,1
3,4590939.0,1544605727245,3,1,2,1
3,4590941.0,1544605727245,3,1,2,1
3,4590943.0,1544605727245,3,1,2,1
3,4590945.0,1544605727245,3,1,2,1
3,4590947.0,1544605727245,3,1,2,1
3,4590949.0,1544605727245,1,1,2,1
3,4590951.0,1544605727245,1,1,2,1
3,4590953.0,1544605727245,1,1,2,1
3,4590957.0,1544605727245,2,3,2,1
3,4590959.0,1544605727245,2,3,2,2
3,4590961.0,1544605727245,2,3,2,2
3,4590963.0,1544605727245,2,1,2,1
3,4590965.0,1544605727245,2,1,2,1
3,4590967.0,1544605727245,2,1,2,1
3,4590969.0,1544605727245,1,3,2,1
3,4590971.0,1544605727245,1,3,2,1
3,4590973.0,1544605727245,1,3,2,1
3,4590975.0,1544605727245,2,3,2,1
3,4590977.0,1544605727245,2,3,2,1
3,4590979.0,1544605727245,2,3,2,1
3,4590981.0,1544605727245,2,3,2,1
3,4590983.0,1544605727245,2,3,2,2
3,4590985.0,1544605727245,2,3,2,2
3,4590987.0,1544605727245,2,1,2,1
3,4590989.0,1544605727245,2,1,2,1
3,4590991.0,1544605727245,2,1,2,1
3,4590993.0,1544605727245,1,3,2,1
3,4590995.0,1544605727245,1,3,2,1
3,4590997.0,1544605727245,1,3,2,1
3,4590999.0,1544605727245,2,1,2,1
3,4591001.0,1544605727245,2,1,2,1
3,4591003.0,1544605727245,2,1,2,1
3,4591005.0,1544605727245,1,1,2,1
3,4591007.0,1544605727245,1,1,2,1
3,4591009.0,1544605727245,1,1,2,1
3,4591013.0,1544605727245,3,3,2,1
3,4591015.0,1544605727245,3,3,2,1
3,4591017.0,1544605727245,3,3,2,1
3,4591019.0,1544605727245,2,3,2,1
3,4591021.0,1544605727245,2,3,2,1
3,4591023.0,1544605727245,2,3,2,1
3,4591025.0,1544605727245,3,3,2,1
3,4591027.0,1544605727245,3,3,2,1
3,4591029.0,1544605727245,3,3,2,1
3,4591031.0,1544605727245,3,1,2,1
3,4591033.0,1544605727245,3,1,2,1
3,4591035.0,1544605727245,3,1,2,1
3,4591039.0,1544605727245,1,1,2,1
3,4591041.0,1544605727245,1,1,2,1
3,4591043.0,1544605727245,1,1,2,1
3,4591045.0,1544605727245,1,1,2,1
3,4591047.0,1544605727245,1,1,2,1
3,4591049.0,1544605727245,1,1,2,1
3,4591051.0,1544605727245,3,1,2,1
3,4591053.0,1544605727245,3,1,2,1
3,4591055.0,1544605727245,3,1,2,1
3,4591059.0,1544605727245,2,1,2,1
3,4591061.0,1544605727245,2,1,2,1
3,4591063.0,1544605727245,2,1,2,1
3,4591065.0,1544605727245,2,3,2,1
3,4591067.0,1544605727245,2,3,2,1
3,4591069.0,1544605727245,2,3,2,1
3,4591071.0,1544605727245,1,1,2,1
3,4591073.0,1544605727245,1,1,2,1
3,4591075.0,1544605727245,1,1,2,1
3,4591077.0,1544605727245,1,3,2,1
3,4591079.0,1544605727245,1,3,2,1
3,4591081.0,1544605727245,1,3,2,1
3,4591083.0,1544605727245,2,3,2,1
3,4591085.0,1544605727245,2,3,2,1
3,4591087.0,1544605727245,2,3,2,1
3,4591089.0,1544605727245,1,3,2,1
3,4591091.0,1544605727245,1,3,2,1
3,4591093.0,1544605727245,1,3,2,1
3,4591095.0,1544605727245,2,1,2,1
3,4591097.0,1544605727245,2,1,2,1
3,4591099.0,1544605727245,2,1,2,1
3,4591101.0,1544605727245,2,3,2,1
3,4591103.0,1544605727245,2,3,2,1
3,4591105.0,1544605727245,2,3,2,1
3,4591107.0,1544605727245,2,3,2,1
3,4591109.0,1544605727245,2,3,2,1
3,4591111.0,1544605727245,2,3,2,1
3,4591113.0,1544605727245,2,3,2,1
3,4591115.0,1544605727245,2,3,2,1
3,4591117.0,1544605727245,2,3,2,1
3,4591121.0,1544605727245,3,1,2,1
3,4591123.0,1544605727245,3,1,2,1
3,4591125.0,1544605727245,3,1,2,1
3,4591129.0,1544605727245,1,1,2,1
3,4591131.0,1544605727245,1,1,2,1
3,4591133.0,1544605727245,1,1,2,1
3,4591135.0,1544605727245,1,1,2,1
3,4591137.0,1544605727245,1,1,2,1
3,4591139.0,1544605727245,1,1,2,1
3,4591141.0,1544605727245,1,1,2,1
3,4591143.0,1544605727245,1,1,2,1
3,4591145.0,1544605727245,1,1,2,1
3,4591147.0,1544605727245,1,3,2,1
3,4591149.0,1544605727245,1,3,2,1
3,4591151.0,1544605727245,1,3,2,1
3,4591155.0,1544605727245,2,3,2,1
3,4591157.0,1544605727245,2,3,2,1
3,4591159.0,1544605727245,2,3,2,1
3,4591161.0,1544605727245,2,3,2,1
3,4591163.0,1544605727245,2,3,2,1
3,4591165.0,1544605727245,2,3,2,1
3,4591167.0,1544605727245,1,1,2,1
3,4591169.0,1544605727245,1,1,2,1
3,4591171.0,1544605727245,1,1,2,1
3,4591173.0,1544605727245,2,3,2,1
3,4591175.0,1544605727245,2,3,2,1
3,4591177.0,1544605727245,2,3,2,1
3,4591179.0,1544605727245,1,3,2,1
3,4591181.0,1544605727245,1,3,2,1
3,4591183.0,1544605727245,1,3,2,1
3,4591185.0,1544605727245,1,1,2,1
3,4591187.0,1544605727245,2,3,2,1
3,4591189.0,1544605727245,2,3,2,1
3,4591191.0,1544605727245,2,3,2,1
3,4591193.0,1544605727245,2,3,2,1
3,4591195.0,1544605727245,2,3,2,1
3,4591197.0,1544605727245,2,3,2,1
3,4591199.0,1544605727245,2,3,2,1
3,4591201.0,1544605727245,2,3,2,1
3,4591203.0,1544605727245,2,3,2,1
3,4591205.0,1544605727245,2,3,2,1
3,4591207.0,1544605727245,2,3,2,1
3,4591209.0,1544605727245,2,3,2,1
3,4591211.0,1544605727245,2,3,2,1
3,4591213.0,1544605727245,2,3,2,1
3,4591215.0,1544605727245,2,3,2,1
3,4591217.0,1544605727245,2,3,2,1
3,4591221.0,1544605727245,1,1,2,1
3,4591223.0,1544605727245,1,1,2,1
3,4591225.0,1544605727245,1,1,2,1
3,4591227.0,1544605727245,1,1,2,1
3,4591229.0,1544605727245,1,1,2,1
3,4591231.0,1544605727245,1,1,2,1
3,4591233.0,1544605727245,1,1,2,1
4,4693489.0,1544605733023,3,3,2,3
4,4693491.0,1544605733023,3,3,2,2
4,4693494.0,1544605733023,3,1,2,2
4,4693496.0,1544605733023,3,2,2,2
4,4693498.0,1544605733023,3,2,1,3
4,4693500.0,1544605733023,3,2,1,2
4,4693503.0,1544605733023,2,3,2,3
4,4693506.0,1544605733023,2,3,2,3
4,4693508.0,1544605733023,2,3,2,3
4,4693510.0,1544605733023,2,3,2,1
4,4693513.0,1544605733023,2,3,2,2
4,4693515.0,1544605733023,2,2,2,2
4,4693517.0,1544605733023,2,2,2,2
4,4693519.0,1544605733023,2,2,2,2
4,4693521.0,1544605733023,3,3,1,3
4,4693523.0,1544605733023,3,3,2,3
4,4693525.0,1544605733023,3,3,2,1
4,4693527.0,1544605733023,2,2,2,2
4,4693529.0,1544605733023,3,3,2,1
4,4693531.0,1544605733023,2,2,2,1
4,4693534.0,1544605733023,2,1,2,1
4,4693536.0,1544605733023,2,1,2,2
4,4693538.0,1544605733023,2,1,2,2
4,4693540.0,1544605733023,2,1,2,2
4,4693542.0,1544605733023,3,3,2,3
4,4693544.0,1544605733023,3,3,2,1
4,4693546.0,1544605733023,3,3,2,3
4,4693548.0,1544605733023,3,3,2,3
4,4693550.0,1544605733023,3,3,2,3
4,4693553.0,1544605733023,3,3,2,2
4,4693555.0,1544605733023,3,3,2,1
4,4693558.0,1544605733023,3,3,1,1
4,4693562.0,1544605733023,1,3,2,1
4,4693564.0,1544605733023,1,3,2,1
4,4693566.0,1544605733023,1,3,2,1
4,4693568.0,1544605733023,3,3,1,1
4,4693570.0,1544605733023,3,3,2,3
4,4693572.0,1544605733023,3,3,2,1
4,4693574.0,1544605733023,1,3,2,1
4,4693576.0,1544605733023,3,3,2,3
4,4693578.0,1544605733023,1,3,2,3
4,4693580.0,1544605733023,1,3,2,1
4,4693582.0,1544605733023,1,3,2,1
4,4693584.0,1544605733023,1,3,2,1
4,4693586.0,1544605733023,3,3,2,2
4,4693589.0,1544605733023,3,3,1,1
4,4693591.0,1544605733023,1,3,2,2
4,4693593.0,1544605733023,1,3,2,1
4,4693595.0,1544605733023,1,3,1,1
4,4693597.0,1544605733023,3,3,1,2
4,4693599.0,1544605733023,3,3,1,1
4,4693601.0,1544605733023,3,3,1,1
4,4693604.0,1544605733023,3,3,1,3
4,4693608.0,1544605733023,2,3,2,1
4,4693610.0,1544605733023,2,3,2,1
4,4693612.0,1544605733023,2,3,2,1
4,4693614.0,1544605733023,2,3,2,1
4,4693616.0,1544605733023,2,3,2,1
4,4693618.0,1544605733023,2,3,2,1
4,4693620.0,1544605733023,2,3,2,1
4,4693622.0,1544605733023,2,3,2,1
4,4693624.0,1544605733023,2,3,2,1
4,4693626.0,1544605733023,2,3,2,1
4,4693628.0,1544605733023,2,3,2,2
4,4693630.0,1544605733023,2,3,2,2
4,4693632.0,1544605733023,2,3,2,1
4,4693634.0,1544605733023,2,3,2,1
4,4693636.0,1544605733023,2,3,2,1
4,4693638.0,1544605733023,2,1,2,1
4,4693640.0,1544605733023,2,1,2,1
4,4693642.0,1544605733023,2,1,2,1
4,4693644.0,1544605733023,1,1,1,1
4,4693646.0,1544605733023,1,1,1,1
4,4693648.0,1544605733023,1,1,2,1
4,4693650.0,1544605733023,2,1,2,1
4,4693652.0,1544605733023,2,1,2,1
4,4693654.0,1544605733023,2,1,2,1
4,4693656.0,1544605733023,2,1,2,1
4,4693658.0,1544605733023,2,1,2,1
4,4693660.0,1544605733023,2,1,2,1
4,4693662.0,1544605733023,2,1,2,1
4,4693664.0,1544605733023,2,1,2,1
4,4693666.0,1544605733023,2,1,2,1
4,4693670.0,1544605733023,3,3,2,1
4,4693672.0,1544605733023,3,3,2,1
4,4693674.0,1544605733023,3,3,2,1
4,4693676.0,1544605733023,2,1,2,1
4,4693678.0,1544605733023,2,1,2,1
4,4693680.0,1544605733023,2,1,2,1
4,4693682.0,1544605733023,2,1,2,1
4,4693684.0,1544605733023,2,1,2,1
4,4693686.0,1544605733023,2,1,2,1
4,4693690.0,1544605733023,1,3,2,1
4,4693692.0,1544605733023,1,3,2,1
4,4693694.0,1544605733023,1,3,2,1
4,4693696.0,1544605733023,3,3,2,1
4,4693698.0,1544605733023,3,3,2,1
4,4693700.0,1544605733023,3,3,2,1
4,4693702.0,1544605733023,3,3,2,1
4,4693704.0,1544605733023,3,3,2,1
4,4693706.0,1544605733023,3,3,2,1
4,4693708.0,1544605733023,3,3,2,1
4,4693710.0,1544605733023,3,3,2,1
4,4693712.0,1544605733023,3,3,2,1
4,4693714.0,1544605733023,1,3,2,1
4,4693716.0,1544605733023,1,3,2,1
4,4693718.0,1544605733023,1,3,2,1
4,4693720.0,1544605733023,3,3,2,1
4,4693722.0,1544605733023,3,3,2,1
4,4693724.0,1544605733023,3,3,2,1
4,4693726.0,1544605733023,3,3,2,1
4,4693728.0,1544605733023,3,3,2,1
4,4693730.0,1544605733023,3,3,2,1
4,4693732.0,1544605733023,3,3,2,1
4,4693734.0,1544605733023,3,3,2,1
4,4693736.0,1544605733023,3,3,2,1
4,4693738.0,1544605733023,1,3,2,1
4,4693740.0,1544605733023,1,3,2,1
4,4693742.0,1544605733023,1,3,2,1
4,4693747.0,1544605733023,2,1,2,1
4,4693749.0,1544605733023,2,1,2,1
4,4693751.0,1544605733023,2,1,2,1
4,4693753.0,1544605733023,2,1,2,1
4,4693755.0,1544605733023,2,1,2,1
4,4693757.0,1544605733023,2,1,2,1
4,4693759.0,1544605733023,2,1,2,1
4,4693761.0,1544605733023,2,1,2,1
4,4693763.0,1544605733023,2,1,2,1
4,4693765.0,1544605733023,2,1,2,1
4,4693767.0,1544605733023,2,1,2,1
4,4693769.0,1544605733023,2,1,2,1
4,4693771.0,1544605733023,2,1,2,1
4,4693773.0,1544605733023,2,1,2,1
4,4693775.0,1544605733023,2,1,2,1
4,4693777.0,1544605733023,2,1,2,1
4,4693779.0,1544605733023,2,1,2,1
4,4693781.0,1544605733023,2,1,2,1
4,4693783.0,1544605733023,2,1,2,1
4,4693785.0,1544605733023,2,1,2,1
4,4693787.0,1544605733023,2,1,2,1
4,4693789.0,1544605733023,2,1,2,1
4,4693791.0,1544605733023,2,1,2,1
4,4693793.0,1544605733023,2,1,2,1
4,4693795.0,1544605733023,2,1,2,1
4,4693797.0,1544605733023,2,1,2,1
4,4693799.0,1544605733023,2,1,2,1
4,4693801.0,1544605733023,2,1,2,1
4,4693803.0,1544605733023,2,1,2,1
4,4693805.0,1544605733023,2,1,2,1
4,4693807.0,1544605733023,2,1,2,1
4,4693809.0,1544605733023,2,1,2,1
4,4693811.0,1544605733023,2,1,2,1
4,4693815.0,1544605733023,1,3,2,1
4,4693817.0,1544605733023,1,3,2,1
4,4693819.0,1544605733023,1,3,2,1
4,4693823.0,1544605733023,3,3,2,1
4,4693825.0,1544605733023,3,3,2,1
4,4693827.0,1544605733023,3,3,2,1
4,4693829.0,1544605733023,3,3,2,1
4,4693831.0,1544605733023,3,3,2,1
4,4693833.0,1544605733023,3,3,2,1
4,4693835.0,1544605733023,1,3,2,1
4,4693837.0,1544605733023,1,3,2,1
4,4693839.0,1544605733023,1,3,2,1
4,4693841.0,1544605733023,3,3,2,1
4,4693843.0,1544605733023,3,3,2,1
4,4693845.0,1544605733023,3,3,2,1
4,4693847.0,1544605733023,3,3,2,1
4,4693849.0,1544605733023,3,3,2,1
4,4693851.0,1544605733023,3,3,2,1
4,4693853.0,1544605733023,3,3,2,1
4,4693855.0,1544605733023,3,3,2,1
4,4693857.0,1544605733023,3,3,2,1
4,4693859.0,1544605733023,1,3,2,1
4,4693861.0,1544605733023,1,3,2,1
4,4693863.0,1544605733023,1,3,2,1
4,4693865.0,1544605733023,1,3,2,1
4,4693867.0,1544605733023,1,3,2,1
4,4693869.0,1544605733023,1,3,2,1
4,4693873.0,1544605733023,2,3,2,1
4,4693875.0,1544605733023,2,3,2,1
4,4693877.0,1544605733023,2,3,2,1
4,4693879.0,1544605733023,2,1,2,1
4,4693881.0,1544605733023,2,1,2,1
4,4693883.0,1544605733023,2,1,2,1
4,4693885.0,1544605733023,2,1,2,1
4,4693887.0,1544605733023,2,1,2,1
4,4693889.0,1544605733023,2,1,2,1
4,4693891.0,1544605733023,2,1,2,1
4,4693893.0,1544605733023,2,1,2,1
4,4693895.0,1544605733023,2,1,2,1
4,4693897.0,1544605733023,2,1,2,1
4,4693899.0,1544605733023,2,1,2,1
4,4693901.0,1544605733023,2,1,2,1
4,4693903.0,1544605733023,2,1,2,1
4,4693905.0,1544605733023,2,1,2,1
4,4693907.0,1544605733023,2,1,2,1
4,4693909.0,1544605733023,2,1,2,1
4,4693911.0,1544605733023,2,1,2,1
4,4693913.0,1544605733023,2,1,2,1
4,4693917.0,1544605733023,3,3,2,1
4,4693919.0,1544605733023,3,3,2,1
4,4693921.0,1544605733023,3,3,2,1
4,4693923.0,1544605733023,3,3,2,1
4,4693925.0,1544605733023,3,3,2,1
4,4693927.0,1544605733023,3,3,2,1
4,4693929.0,1544605733023,3,3,2,1
4,4693931.0,1544605733023,3,3,2,2
4,4693933.0,1544605733023,3,3,2,2
4,4693937.0,1544605733023,1,3,2,1
4,4693939.0,1544605733023,1,3,2,1
4,4693941.0,1544605733023,1,3,2,1
4,4693943.0,1544605733023,3,3,2,1
4,4693945.0,1544605733023,3,3,2,1
4,4693947.0,1544605733023,3,3,2,1
4,4693949.0,1544605733023,3,3,2,1
4,4693951.0,1544605733023,3,3,2,1
4,4693953.0,1544605733023,3,3,2,1
4,4693955.0,1544605733023,1,3,2,1
4,4693957.0,1544605733023,1,3,2,2
4,4693959.0,1544605733023,1,3,2,2
4,4693961.0,1544605733023,1,3,2,1
4,4693963.0,1544605733023,1,3,2,1
4,4693965.0,1544605733023,1,3,2,1
4,4693967.0,1544605733023,1,3,2,1
4,4693969.0,1544605733023,1,3,2,1
4,4693971.0,1544605733023,1,3,2,1
4,4693973.0,1544605733023,3,3,2,1
4,4693975.0,1544605733023,3,3,2,1
4,4693977.0,1544605733023,3,3,2,1
4,4693979.0,1544605733023,3,3,2,1
4,4693981.0,1544605733023,3,3,2,1
4,4693983.0,1544605733023,3,3,2,1
4,4693988.0,1544605733023,2,3,2,1
4,4693990.0,1544605733023,2,3,2,2
4,4693992.0,1544605733023,2,3,2,2
4,4693994.0,1544605733023,2,3,2,1
4,4693996.0,1544605733023,2,3,2,1
4,4693998.0,1544605733023,2,3,2,1
4,4694000.0,1544605733023,2,1,2,1
4,4694002.0,1544605733023,2,1,2,1
4,4694004.0,1544605733023,2,1,2,1
4,4694006.0,1544605733023,2,1,2,1
4,4694008.0,1544605733023,2,1,2,1
5,4606261.0,1544605738637,3,3,2,4
5,4606263.0,1544605738637,3,3,2,2
5,4606265.0,1544605738637,3,3,2,1
5,4606267.0,1544605738637,3,3,2,1
5,4606269.0,1544605738637,3,3,2,1
5,4606271.0,1544605738637,3,3,1,1
5,4606273.0,1544605738637,3,3,2,1
5,4606275.0,1544605738637,3,3,2,1
5,4606278.0,1544605738637,2,3,2,3
5,4606280.0,1544605738637,2,3,2,3
5,4606282.0,1544605738637,2,3,2,3
5,4606284.0,1544605738637,3,3,2,4
5,4606286.0,1544605738637,3,3,2,2
5,4606288.0,1544605738637,3,3,2,2
5,4606290.0,1544605738637,3,3,2,2
5,4606292.0,1544605738637,3,3,2,2
5,4606294.0,1544605738637,3,3,1,2
5,4606296.0,1544605738637,3,3,1,2
5,4606298.0,1544605738637,2,3,2,3
5,4606300.0,1544605738637,2,3,2,3
5,4606302.0,1544605738637,2,3,2,3
5,4606304.0,1544605738637,3,3,1,2
5,4606306.0,1544605738637,3,3,1,2
5,4606308.0,1544605738637,3,3,1,2
5,4606310.0,1544605738637,3,3,1,2
5,4606312.0,1544605738637,3,3,1,1
5,4606314.0,1544605738637,3,3,1,1
5,4606316.0,1544605738637,3,3,1,1
5,4606318.0,1544605738637,2,3,2,3
5,4606320.0,1544605738637,2,3,2,3
5,4606322.0,1544605738637,2,3,2,3
5,4606324.0,1544605738637,3,3,1,3
5,4606326.0,1544605738637,3,3,2,2
5,4606328.0,1544605738637,3,3,2,1
5,4606330.0,1544605738637,3,3,2,1
5,4606334.0,1544605738637,1,3,2,1
5,4606336.0,1544605738637,1,3,2,3
5,4606338.0,1544605738637,1,3,2,1
5,4606340.0,1544605738637,1,3,2,2
5,4606342.0,1544605738637,1,3,2,2
5,4606344.0,1544605738637,3,3,2,4
5,4606346.0,1544605738637,3,3,1,2
5,4606348.0,1544605738637,3,3,2,1
5,4606350.0,1544605738637,3,2,2,1
5,4606352.0,1544605738637,3,3,2,1
5,4606354.0,1544605738637,1,3,2,1
5,4606356.0,1544605738637,1,3,2,2
5,4606358.0,1544605738637,1,3,2,2
5,4606360.0,1544605738637,3,2,1,2
5,4606362.0,1544605738637,3,2,2,2
5,4606364.0,1544605738637,3,2,1,2
5,4606366.0,1544605738637,3,2,1,2
5,4606368.0,1544605738637,3,2,1,1
5,4606370.0,1544605738637,3,2,1,1
5,4606372.0,1544605738637,3,3,1,1
5,4606374.0,1544605738637,3,3,1,1
5,4606376.0,1544605738637,1,1,2,1
5,4606378.0,1544605738637,1,1,2,1
5,4606380.0,1544605738637,1,1,2,1
5,4606382.0,1544605738637,1,1,2,1
5,4606384.0,1544605738637,1,1,2,1
5,4606386.0,1544605738637,1,1,2,1
5,4606388.0,1544605738637,3,3,2,4
5,4606390.0,1544605738637,3,3,2,3
5,4606392.0,1544605738637,3,3,2,1
5,4606394.0,1544605738637,3,3,2,3
5,4606396.0,1544605738637,3,3,2,2
5,4606398.0,1544605738637,1,1,2,1
5,4606400.0,1544605738637,3,3,2,1
5,4606402.0,1544605738637,3,3,2,2
5,4606404.0,1544605738637,3,3,2,2
5,4606406.0,1544605738637,3,1,2,2
5,4606408.0,1544605738637,3,1,2,1
5,4606410.0,1544605738637,3,1,2,1
5,4606412.0,1544605738637,3,1,2,1
5,4606416.0,1544605738637,2,3,2,1
5,4606418.0,1544605738637,2,3,2,1
5,4606420.0,1544605738637,2,3,2,1
5,4606422.0,1544605738637,2,1,2,1
5,4606424.0,1544605738637,2,1,2,1
5,4606426.0,1544605738637,2,1,2,1
5,4606428.0,1544605738637,2,1,2,1
5,4606430.0,1544605738637,2,1,2,1
5,4606432.0,1544605738637,2,1,2,1
5,4606434.0,1544605738637,2,1,2,1
5,4606436.0,1544605738637,2,1,2,1
5,4606438.0,1544605738637,2,1,2,1
5,4606440.0,1544605738637,2,3,2,1
5,4606442.0,1544605738637,2,3,2,2
5,4606444.0,1544605738637,2,3,2,2
5,4606446.0,1544605738637,1,1,2,1
5,4606448.0,1544605738637,1,1,2,1
5,4606450.0,1544605738637,1,1,2,1
5,4606452.0,1544605738637,2,1,2,1
5,4606454.0,1544605738637,2,1,2,1
5,4606456.0,1544605738637,2,1,2,1
5,4606458.0,1544605738637,2,1,2,1
5,4606460.0,1544605738637,2,1,2,1
5,4606462.0,1544605738637,2,1,2,1
5,4606466.0,1544605738637,3,3,2,1
5,4606468.0,1544605738637,3,3,2,1
5,4606470.0,1544605738637,3,3,2,1
5,4606472.0,1544605738637,2,3,2,1
5,4606474.0,1544605738637,2,3,2,1
5,4606476.0,1544605738637,2,3,2,1
5,4606478.0,1544605738637,3,3,2,1
5,4606480.0,1544605738637,3,3,2,1
5,4606482.0,1544605738637,3,3,2,1
5,4606484.0,1544605738637,2,3,2,1
5,4606486.0,1544605738637,2,3,2,1
5,4606488.0,1544605738637,2,3,2,1
5,4606490.0,1544605738637,3,1,2,1
5,4606492.0,1544605738637,3,1,2,1
5,4606494.0,1544605738637,3,1,2,1
5,4606498.0,1544605738637,1,1,2,1
5,4606500.0,1544605738637,1,1,2,1
5,4606502.0,1544605738637,1,1,2,1
5,4606504.0,1544605738637,1,1,2,1
5,4606506.0,1544605738637,1,1,2,1
5,4606508.0,1544605738637,1,1,2,1
5,4606510.0,1544605738637,3,1,2,1
5,4606512.0,1544605738637,3,1,2,1
5,4606514.0,1544605738637,3,1,2,1
5,4606516.0,1544605738637,3,3,2,1
5,4606518.0,1544605738637,3,3,2,2
5,4606520.0,1544605738637,3,3,2,2
5,4606522.0,1544605738637,1,1,2,1
5,4606524.0,1544605738637,1,1,2,1
5,4606526.0,1544605738637,1,1,2,1
5,4606528.0,1544605738637,1,1,2,1
5,4606530.0,1544605738637,1,1,2,1
5,4606532.0,1544605738637,1,1,2,1
5,4606534.0,1544605738637,3,1,2,1
5,4606536.0,1544605738637,3,1,2,1
5,4606538.0,1544605738637,3,1,2,1
5,4606540.0,1544605738637,1,1,2,1
5,4606542.0,1544605738637,1,1,2,1
5,4606544.0,1544605738637,1,1,2,1
5,4606546.0,1544605738637,1,1,2,1
5,4606548.0,1544605738637,1,1,2,1
5,4606550.0,1544605738637,1,1,2,1
5,4606554.0,1544605738637,2,1,2,1
5,4606556.0,1544605738637,2,1,2,1
5,4606558.0,1544605738637,2,1,2,1
5,4606560.0,1544605738637,2,3,2,1
5,4606562.0,1544605738637,2,3,2,1
5,4606564.0,1544605738637,2,3,2,1
5,4606566.0,1544605738637,1,1,2,1
5,4606568.0,1544605738637,1,1,2,1
5,4606570.0,1544605738637,1,1,2,1
5,4606572.0,1544605738637,1,1,2,1
5,4606574.0,1544605738637,1,1,2,1
5,4606576.0,1544605738637,1,1,2,1
5,4606580.0,1544605738637,3,3,2,1
5,4606582.0,1544605738637,3,3,2,1
5,4606584.0,1544605738637,3,3,2,1
5,4606586.0,1544605738637,2,3,2,1
5,4606588.0,1544605738637,2,3,2,1
5,4606590.0,1544605738637,2,3,2,1
5,4606592.0,1544605738637,2,3,2,1
5,4606594.0,1544605738637,2,3,2,1
5,4606596.0,1544605738637,2,3,2,1
5,4606598.0,1544605738637,2,3,2,1
5,4606600.0,1544605738637,2,3,2,1
5,4606602.0,1544605738637,2,3,2,1
5,4606604.0,1544605738637,2,3,2,1
5,4606606.0,1544605738637,2,3,2,1
5,4606608.0,1544605738637,2,3,2,1
5,4606612.0,1544605738637,1,1,2,1
5,4606614.0,1544605738637,1,1,2,1
5,4606616.0,1544605738637,1,1,2,1
5,4606618.0,1544605738637,1,1,2,1
5,4606620.0,1544605738637,1,1,2,1
5,4606622.0,1544605738637,1,1,2,1
5,4606624.0,1544605738637,1,1,2,1
5,4606626.0,1544605738637,1,1,2,1
5,4606628.0,1544605738637,1,1,2,1
5,4606630.0,1544605738637,1,1,2,1
5,4606632.0,1544605738637,1,1,2,1
5,4606634.0,1544605738637,1,1,2,1
5,4606636.0,1544605738637,1,1,2,1
5,4606638.0,1544605738637,1,1,2,1
5,4606640.0,1544605738637,1,1,2,1
5,4606642.0,1544605738637,1,1,2,1
5,4606644.0,1544605738637,1,1,2,1
5,4606646.0,1544605738637,1,1,2,1
5,4606648.0,1544605738637,1,1,2,1
5,4606650.0,1544605738637,1,1,2,1
5,4606652.0,1544605738637,1,1,2,1
5,4606654.0,1544605738637,3,1,2,1
5,4606656.0,1544605738637,3,1,2,1
5,4606658.0,1544605738637,3,1,2,1
5,4606660.0,1544605738637,3,1,2,1
5,4606662.0,1544605738637,3,1,2,1
5,4606664.0,1544605738637,3,1,2,1
5,4606668.0,1544605738637,2,1,2,1
5,4606670.0,1544605738637,2,1,2,1
5,4606672.0,1544605738637,2,1,2,1
5,4606674.0,1544605738637,1,1,2,1
5,4606676.0,1544605738637,1,1,2,1
5,4606678.0,1544605738637,1,1,2,1
5,4606680.0,1544605738637,1,1,2,1
5,4606682.0,1544605738637,1,1,2,1
5,4606684.0,1544605738637,1,1,2,1
5,4606688.0,1544605738637,3,3,2,1
5,4606690.0,1544605738637,3,3,2,1
5,4606692.0,1544605738637,3,3,2,1
5,4606694.0,1544605738637,3,3,2,1
5,4606696.0,1544605738637,3,3,2,1
5,4606698.0,1544605738637,3,3,2,1
5,4606700.0,1544605738637,2,3,2,1
5,4606702.0,1544605738637,2,3,2,1
5,4606704.0,1544605738637,2,3,2,1
5,4606706.0,1544605738637,2,3,2,1
5,4606708.0,1544605738637,2,3,2,1
5,4606710.0,1544605738637,2,3,2,1
5,4606712.0,1544605738637,3,1,2,1
5,4606714.0,1544605738637,3,1,2,1
5,4606716.0,1544605738637,3,1,2,1
5,4606720.0,1544605738637,1,1,2,1
5,4606722.0,1544605738637,1,1,2,1
5,4606724.0,1544605738637,1,1,2,1
5,4606726.0,1544605738637,1,1,2,1
5,4606728.0,1544605738637,1,1,2,1
5,4606730.0,1544605738637,1,1,2,1
5,4606732.0,1544605738637,3,1,2,1
5,4606734.0,1544605738637,3,1,2,1
5,4606736.0,1544605738637,3,1,2,1
5,4606738.0,1544605738637,1,1,2,1
5,4606740.0,1544605738637,1,1,2,1
5,4606742.0,1544605738637,1,1,2,1
5,4606744.0,1544605738637,3,1,2,1
5,4606746.0,1544605738637,3,1,2,1
5,4606748.0,1544605738637,3,1,2,1
5,4606750.0,1544605738637,1,1,2,1
5,4606752.0,1544605738637,1,1,2,1
5,4606754.0,1544605738637,1,1,2,1
5,4606756.0,1544605738637,1,1,2,1
5,4606758.0,1544605738637,1,1,2,1
5,4606760.0,1544605738637,1,1,2,1
5,4606762.0,1544605738637,1,1,2,1
5,4606764.0,1544605738637,1,1,2,1
5,4606766.0,1544605738637,1,1,2,1
5,4606770.0,1544605738637,2,1,2,1
5,4606772.0,1544605738637,2,1,2,1
5,4606774.0,1544605738637,2,1,2,1
5,4606776.0,1544605738637,2,1,2,1
5,4606778.0,1544605738637,2,1,2,1
5,4606780.0,1544605738637,2,1,2,1
5,4606782.0,1544605738637,2,1,2,1
5,4606784.0,1544605738637,2,1,2,1
5,4606786.0,1544605738637,2,1,2,1
5,4606790.0,1544605738637,3,3,2,1
5,4606792.0,1544605738637,3,3,2,1
5,4606794.0,1544605738637,3,3,2,1
5,4606796.0,1544605738637,2,3,2,1
5,4606798.0,1544605738637,2,3,2,1
5,4606800.0,1544605738637,2,3,2,1
5,4606802.0,1544605738637,2,3,2,1
5,4606804.0,1544605738637,2,3,2,1
5,4606806.0,1544605738637,2,3,2,1
5,4606808.0,1544605738637,3,3,2,1
5,4606810.0,1544605738637,3,3,2,1
5,4606812.0,1544605738637,3,3,2,1
5,4606814.0,1544605738637,3,3,2,1
5,4606816.0,1544605738637,3,3,2,1
5,4606818.0,1544605738637,3,3,2,1
5,4606820.0,1544605738637,3,3,2,1
5,4606822.0,1544605738637,3,3,2,1
5,4606824.0,1544605738637,3,3,2,1
5,4606826.0,1544605738637,2,3,2,1
5,4606828.0,1544605738637,2,3,2,1
5,4606830.0,1544605738637,2,3,2,1
5,4606832.0,1544605738637,2,3,2,1
5,4606834.0,1544605738637,2,3,2,1
5,4606836.0,1544605738637,2,3,2,1
5,4606838.0,1544605738637,3,1,2,1
5,4606840.0,1544605738637,3,1,2,1
5,4606842.0,1544605738637,3,1,2,1
5,4606844.0,1544605738637,3,3,2,1
5,4606846.0,1544605738637,3,3,2,2
5,4606848.0,1544605738637,3,3,2,1
5,4606850.0,1544605738637,3,1,2,1
5,4606852.0,1544605738637,3,1,2,1
5,4606854.0,1544605738637,3,1,2,1
5,4606858.0,1544605738637,1,1,2,1
5,4606860.0,1544605738637,1,1,2,1
5,4606862.0,1544605738637,1,1,2,1
5,4606864.0,1544605738637,1,1,2,1
5,4606866.0,1544605738637,1,1,2,1
5,4606868.0,1544605738637,1,1,2,1
5,4606870.0,1544605738637,1,1,2,1
5,4606872.0,1544605738637,1,1,2,1
5,4606874.0,1544605738637,1,1,2,1
5,4606876.0,1544605738637,1,1,2,1
5,4606878.0,1544605738637,1,1,2,1
5,4606880.0,1544605738637,1,1,2,1
5,4606882.0,1544605738637,1,1,2,1
5,4606884.0,1544605738637,1,1,2,1
5,4606886.0,1544605738637,1,1,2,1
5,4606888.0,1544605738637,1,1,2,1
5,4606890.0,1544605738637,1,1,2,1
5,4606892.0,1544605738637,1,1,2,1
5,4606896.0,1544605738637,2,1,2,1
5,4606898.0,1544605738637,2,1,2,1
5,4606900.0,1544605738637,2,1,2,1
5,4606902.0,1544605738637,2,1,2,1
5,4606904.0,1544605738637,2,1,2,1
5,4606906.0,1544605738637,2,1,2,1
5,4606908.0,1544605738637,2,3,2,1
5,4606910.0,1544605738637,2,3,2,1
5,4606912.0,1544605738637,2,3,2,1
5,4606916.0,1544605738637,3,3,2,1
5,4606918.0,1544605738637,3,3,2,1
5,4606920.0,1544605738637,3,3,2,1
5,4606922.0,1544605738637,2,3,2,1
5,4606924.0,1544605738637,2,3,2,1
5,4606926.0,1544605738637,2,3,2,1
5,4606928.0,1544605738637,3,3,2,1
5,4606930.0,1544605738637,3,3,2,1
5,4606932.0,1544605738637,3,3,2,1
5,4606934.0,1544605738637,2,3,2,1
5,4606936.0,1544605738637,2,3,2,1
5,4606938.0,1544605738637,2,3,2,1
5,4606940.0,1544605738637,2,3,2,1
5,4606942.0,1544605738637,2,3,2,1
5,4606944.0,1544605738637,2,3,2,1
5,4606947.0,1544605738637,3,1,2,1
5,4606949.0,1544605738637,3,1,2,1
5,4606951.0,1544605738637,3,1,2,1
5,4606955.0,1544605738637,1,1,2,1
5,4606957.0,1544605738637,1,1,2,1
5,4606959.0,1544605738637,1,1,2,1
5,4606961.0,1544605738637,3,1,2,1
5,4606963.0,1544605738637,3,1,2,1
5,4606965.0,1544605738637,3,1,2,1
5,4606967.0,1544605738637,1,1,2,1
5,4606969.0,1544605738637,1,1,2,1
5,4606971.0,1544605738637,1,1,2,1
5,4606973.0,1544605738637,3,1,2,1
5,4606975.0,1544605738637,3,1,2,1
5,4606977.0,1544605738637,3,1,2,1
5,4606979.0,1544605738637,3,1,2,1
5,4606981.0,1544605738637,3,1,2,1
5,4606983.0,1544605738637,3,1,2,1
5,4606985.0,1544605738637,1,3,2,1
5,4606987.0,1544605738637,1,3,2,1
5,4606989.0,1544605738637,1,3,2,1
5,4606991.0,1544605738637,1,1,2,1
5,4606993.0,1544605738637,1,1,2,1
5,4606995.0,1544605738637,1,1,2,1
5,4606997.0,1544605738637,1,1,2,1
5,4606999.0,1544605738637,1,1,2,1
5,4607001.0,1544605738637,1,1,2,1
5,4607005.0,1544605738637,2,3,2,1
5,4607007.0,1544605738637,2,3,2,1
5,4607009.0,1544605738637,2,3,2,1
5,4607011.0,1544605738637,2,3,2,1
5,4607013.0,1544605738637,2,3,2,2
5,4607015.0,1544605738637,2,3,2,2
5,4607017.0,1544605738637,2,1,2,1
5,4607019.0,1544605738637,2,1,2,1
5,4607021.0,1544605738637,2,1,2,1
5,4607023.0,1544605738637,1,3,2,1
5,4607025.0,1544605738637,1,3,2,1
5,4607027.0,1544605738637,1,3,2,1
5,4607029.0,1544605738637,2,3,2,1
5,4607031.0,1544605738637,2,3,2,1
5,4607033.0,1544605738637,2,3,2,1
5,4607035.0,1544605738637,1,3,2,1
5,4607037.0,1544605738637,1,3,2,1
5,4607039.0,1544605738637,1,3,2,1
5,4607041.0,1544605738637,2,3,2,1
5,4607043.0,1544605738637,2,3,2,1
5,4607045.0,1544605738637,2,3,2,1
5,4607047.0,1544605738637,2,3,2,1
5,4607051.0,1544605738637,3,3,2,1
5,4607053.0,1544605738637,3,3,2,2
5,4607055.0,1544605738637,3,3,2,1
5,4607057.0,1544605738637,2,3,2,1
5,4607059.0,1544605738637,3,3,2,1
5,4607061.0,1544605738637,3,3,2,4
5,4607063.0,1544605738637,2,3,2,1
5,4607065.0,1544605738637,2,3,2,1
5,4607067.0,1544605738637,2,3,2,1
5,4607069.0,1544605738637,2,3,2,1
5,4607071.0,1544605738637,2,3,2,1
5,4607073.0,1544605738637,2,3,2,1
5,4607075.0,1544605738637,3,3,2,1
5,4607077.0,1544605738637,3,3,2,1
5,4607079.0,1544605738637,3,3,2,1

End Time: 12/dez/2018 9:09:05